Results,B01,B02,B03,B04,B05,B06,B07,B08,B09,B10,B11,B12,B13,B14,B15,B16,B17,B18,B19,B20,B21,B22,B23,B24,B25,B26,B27,B28,B29,B30,B31,B32,B33,B34,B35,B36,B37,B38,B39
Time in s,u. Magnitude in p.u.,u. Magnitude in p.u.,u. Magnitude in p.u.,u. Magnitude in p.u.,u. Magnitude in p.u.,u. Magnitude in p.u.,u. Magnitude in p.u.,u. Magnitude in p.u.,u. Magnitude in p.u.,u. Magnitude in p.u.,u. Magnitude in p.u.,u. Magnitude in p.u.,u. Magnitude in p.u.,u. Magnitude in p.u.,u. Magnitude in p.u.,u. Magnitude in p.u.,u. Magnitude in p.u.,u. Magnitude in p.u.,u. Magnitude in p.u.,u. Magnitude in p.u.,u. Magnitude in p.u.,u. Magnitude in p.u.,u. Magnitude in p.u.,u. Magnitude in p.u.,u. Magnitude in p.u.,u. Magnitude in p.u.,u. Magnitude in p.u.,u. Magnitude in p.u.,u. Magnitude in p.u.,u. Magnitude in p.u.,u. Magnitude in p.u.,u. Magnitude in p.u.,u. Magnitude in p.u.,u. Magnitude in p.u.,u. Magnitude in p.u.,u. Magnitude in p.u.,u. Magnitude in p.u.,u. Magnitude in p.u.,u. Magnitude in p.u.
0.000000,1.044731,1.040853,1.040184,1.029505,1.034432,1.035290,1.033664,1.033326,1.044165,1.035837,1.034979,1.026427,1.035175,1.035839,1.042480,1.047179,1.047072,1.044472,1.050007,0.989176,1.044395,1.043323,1.043291,1.050015,1.034252,1.050029,1.047901,1.037841,1.028872,1.001492,0.976701,0.973150,0.984201,0.989479,1.012845,1.048617,0.994618,0.984043,1.030920
0.008330,1.044731,1.040853,1.040184,1.029505,1.034432,1.035290,1.033664,1.033326,1.044165,1.035837,1.034979,1.026427,1.035175,1.035839,1.042480,1.047179,1.047072,1.044472,1.050007,0.989176,1.044395,1.043323,1.043291,1.050014,1.034252,1.050029,1.047901,1.037841,1.028872,1.001492,0.976701,0.973150,0.984201,0.989479,1.012845,1.048617,0.994618,0.984043,1.030920
0.016660,1.044731,1.040853,1.040184,1.029505,1.034432,1.035290,1.033664,1.033326,1.044165,1.035837,1.034979,1.026427,1.035175,1.035839,1.042480,1.047179,1.047072,1.044472,1.050007,0.989176,1.044395,1.043323,1.043291,1.050014,1.034252,1.050029,1.047901,1.037841,1.028872,1.001492,0.976701,0.973150,0.984201,0.989479,1.012845,1.048617,0.994618,0.984043,1.030920
0.024990,1.044731,1.040853,1.040184,1.029505,1.034432,1.035290,1.033664,1.033326,1.044165,1.035837,1.034979,1.026427,1.035175,1.035839,1.042480,1.047179,1.047072,1.044472,1.050007,0.989176,1.044395,1.043323,1.043291,1.050014,1.034252,1.050029,1.047901,1.037841,1.028872,1.001492,0.976701,0.973150,0.984201,0.989479,1.012845,1.048617,0.994618,0.984043,1.030920
0.033320,1.044731,1.040853,1.040184,1.029505,1.034432,1.035290,1.033664,1.033326,1.044165,1.035837,1.034979,1.026427,1.035175,1.035839,1.042480,1.047179,1.047072,1.044472,1.050007,0.989176,1.044395,1.043323,1.043291,1.050014,1.034252,1.050029,1.047901,1.037841,1.028872,1.001492,0.976701,0.973150,0.984201,0.989479,1.012845,1.048617,0.994618,0.984043,1.030920
0.041650,1.044731,1.040853,1.040184,1.029505,1.034432,1.035290,1.033664,1.033326,1.044165,1.035837,1.034979,1.026427,1.035175,1.035839,1.042480,1.047179,1.047072,1.044472,1.050007,0.989176,1.044395,1.043323,1.043291,1.050014,1.034252,1.050029,1.047901,1.037841,1.028872,1.001492,0.976701,0.973150,0.984201,0.989479,1.012845,1.048617,0.994618,0.984043,1.030920
0.049980,1.044731,1.040853,1.040184,1.029505,1.034432,1.035290,1.033664,1.033326,1.044165,1.035837,1.034979,1.026427,1.035175,1.035839,1.042480,1.047179,1.047072,1.044472,1.050007,0.989176,1.044395,1.043323,1.043291,1.050014,1.034252,1.050029,1.047901,1.037841,1.028872,1.001492,0.976701,0.973150,0.984201,0.989479,1.012845,1.048617,0.994618,0.984043,1.030920
0.058310,1.044731,1.040853,1.040184,1.029505,1.034432,1.035290,1.033664,1.033326,1.044165,1.035837,1.034979,1.026427,1.035175,1.035839,1.042480,1.047179,1.047072,1.044472,1.050007,0.989176,1.044395,1.043323,1.043291,1.050014,1.034252,1.050029,1.047901,1.037841,1.028872,1.001492,0.976701,0.973150,0.984201,0.989479,1.012845,1.048617,0.994618,0.984043,1.030920
0.066640,1.044731,1.040853,1.040184,1.029505,1.034432,1.035290,1.033664,1.033326,1.044165,1.035837,1.034979,1.026427,1.035175,1.035839,1.042480,1.047179,1.047072,1.044472,1.050007,0.989176,1.044395,1.043323,1.043291,1.050014,1.034252,1.050029,1.047901,1.037841,1.028872,1.001492,0.976701,0.973150,0.984201,0.989479,1.012845,1.048617,0.994618,0.984043,1.030920
0.074970,1.044731,1.040853,1.040184,1.029505,1.034432,1.035290,1.033664,1.033326,1.044165,1.035837,1.034979,1.026427,1.035175,1.035839,1.042480,1.047179,1.047072,1.044472,1.050007,0.989176,1.044395,1.043323,1.043291,1.050014,1.034252,1.050029,1.047901,1.037841,1.028872,1.001492,0.976701,0.973150,0.984201,0.989479,1.012845,1.048617,0.994618,0.984043,1.030920
0.083300,1.044731,1.040853,1.040184,1.029505,1.034432,1.035290,1.033664,1.033326,1.044165,1.035837,1.034979,1.026427,1.035175,1.035839,1.042480,1.047179,1.047072,1.044472,1.050007,0.989176,1.044395,1.043323,1.043291,1.050014,1.034252,1.050029,1.047901,1.037841,1.028872,1.001492,0.976701,0.973150,0.984201,0.989479,1.012845,1.048617,0.994618,0.984043,1.030920
0.091630,1.044731,1.040853,1.040184,1.029505,1.034432,1.035290,1.033664,1.033326,1.044165,1.035837,1.034979,1.026427,1.035175,1.035839,1.042480,1.047179,1.047072,1.044472,1.050007,0.989176,1.044395,1.043323,1.043291,1.050014,1.034252,1.050029,1.047901,1.037841,1.028872,1.001492,0.976701,0.973150,0.984201,0.989479,1.012845,1.048617,0.994618,0.984043,1.030920
0.099960,1.044731,1.040853,1.040184,1.029505,1.034432,1.035290,1.033664,1.033326,1.044165,1.035837,1.034979,1.026427,1.035175,1.035839,1.042480,1.047179,1.047072,1.044472,1.050007,0.989176,1.044395,1.043323,1.043291,1.050014,1.034252,1.050029,1.047901,1.037841,1.028872,1.001492,0.976701,0.973150,0.984201,0.989479,1.012845,1.048617,0.994618,0.984043,1.030920
0.108290,1.044731,1.040853,1.040184,1.029505,1.034432,1.035290,1.033664,1.033326,1.044165,1.035837,1.034979,1.026427,1.035175,1.035839,1.042480,1.047179,1.047072,1.044472,1.050007,0.989176,1.044395,1.043323,1.043291,1.050014,1.034252,1.050029,1.047901,1.037841,1.028872,1.001492,0.976701,0.973150,0.984201,0.989479,1.012845,1.048617,0.994618,0.984043,1.030920
0.116620,0.588770,0.133347,0.403253,0.633300,0.685467,0.690375,0.702642,0.709094,0.807455,0.681660,0.683709,0.670339,0.675181,0.661225,0.677066,0.679547,0.566709,0.503684,0.785961,0.782388,0.719121,0.762277,0.764883,0.707438,0.120985,0.409571,0.481207,0.506097,0.521308,0.492872,0.677802,0.657009,0.775667,0.819483,0.782403,0.830427,0.221494,0.553138,0.858989
0.124950,0.577598,0.126980,0.371024,0.580150,0.634279,0.639090,0.653011,0.660257,0.778864,0.628963,0.631485,0.617889,0.622002,0.606736,0.619036,0.621639,0.518801,0.461617,0.720159,0.719205,0.659943,0.702058,0.702495,0.646589,0.108613,0.375467,0.440836,0.464639,0.481052,0.478166,0.627483,0.607801,0.710484,0.756326,0.726352,0.762535,0.193114,0.513763,0.844896
0.133280,0.569309,0.122397,0.349139,0.544141,0.599439,0.604180,0.619164,0.626921,0.758770,0.593113,0.595955,0.582315,0.585861,0.569778,0.579992,0.582945,0.486659,0.433268,0.677852,0.677635,0.620264,0.661605,0.661494,0.605796,0.100291,0.352485,0.413710,0.436633,0.453678,0.466245,0.593345,0.574142,0.670720,0.714792,0.687287,0.720994,0.174264,0.486708,0.834364
0.141610,0.562893,0.118869,0.332927,0.517413,0.573549,0.578248,0.593987,0.602103,0.743587,0.566509,0.569585,0.555970,0.559056,0.542390,0.551357,0.554776,0.463180,0.412456,0.648028,0.648221,0.591311,0.632068,0.631972,0.576050,0.094372,0.335763,0.393937,0.416229,0.433722,0.456451,0.568149,0.549126,0.643507,0.685712,0.658152,0.692514,0.161274,0.466949,0.826195
0.149940,0.557772,0.115997,0.319931,0.495806,0.552674,0.557355,0.573684,0.582082,0.731368,0.545111,0.548364,0.534809,0.537501,0.520372,0.528662,0.532653,0.444678,0.395959,0.625300,0.625905,0.568592,0.608945,0.609044,0.552665,0.089923,0.322703,0.378421,0.400273,0.418189,0.448322,0.548006,0.529036,0.623174,0.663931,0.635149,0.671129,0.151953,0.451646,0.819689
0.158270,0.553593,0.113551,0.308785,0.477028,0.534636,0.539322,0.556158,0.564799,0.721016,0.526679,0.530076,0.516600,0.518933,0.501398,0.509427,0.514091,0.429103,0.381986,0.606714,0.607798,0.549613,0.589734,0.590057,0.533026,0.086391,0.311836,0.365428,0.386978,0.405356,0.441520,0.530762,0.511796,0.606757,0.646496,0.616070,0.653807,0.144977,0.439134,0.814413
0.166600,0.550139,0.111402,0.298763,0.459871,0.518289,0.523001,0.540303,0.549165,0.711928,0.510031,0.513546,0.500164,0.502158,0.484245,0.492341,0.497772,0.415366,0.369586,0.590733,0.592325,0.533046,0.573093,0.573626,0.515737,0.083460,0.302358,0.354024,0.375358,0.394256,0.435795,0.515288,0.496297,0.592795,0.631771,0.599659,0.639078,0.139551,0.428451,0.810095
0.174930,0.547275,0.109477,0.289480,0.443717,0.503044,0.507801,0.525550,0.534626,0.703780,0.494552,0.498169,0.484893,0.486555,0.468275,0.476691,0.482968,0.402865,0.358239,0.576486,0.578584,0.518143,0.558253,0.558969,0.500027,0.080937,0.293814,0.343688,0.364860,0.384330,0.430956,0.501004,0.481958,0.580456,0.618819,0.585162,0.626120,0.135183,0.419023,0.806558
0.183260,0.544910,0.107733,0.280751,0.428298,0.488641,0.493458,0.511645,0.520930,0.696403,0.479963,0.483672,0.470509,0.471844,0.453197,0.462126,0.469304,0.391296,0.347687,0.563510,0.566082,0.504510,0.544792,0.545665,0.485497,0.078715,0.285973,0.334157,0.355217,0.375297,0.426853,0.487643,0.468510,0.569298,0.607130,0.572139,0.614493,0.131573,0.410548,0.803685
0.191590,0.542983,0.106145,0.272500,0.413528,0.474988,0.479879,0.498499,0.507990,0.689714,0.466161,0.469954,0.456910,0.457918,0.438905,0.448485,0.456598,0.380515,0.337812,0.551563,0.554559,0.491941,0.532479,0.533488,0.471952,0.076731,0.278725,0.325304,0.346307,0.367018,0.423364,0.475106,0.455846,0.559084,0.596426,0.560332,0.603960,0.128528,0.402862,0.801392
0.199920,0.889711,0.803145,0.742774,0.691120,0.719562,0.721524,0.730398,0.735158,0.860679,0.713657,0.715464,0.703182,0.709397,0.700990,0.700825,0.708461,0.715083,0.725525,0.724445,0.686062,0.710245,0.715851,0.714653,0.705617,0.660401,0.694988,0.703850,0.685229,0.689818,0.811800,0.684669,0.676872,0.691401,0.700320,0.705300,0.738004,0.617854,0.675265,0.930073
0.208250,0.909659,0.832346,0.779892,0.731984,0.758460,0.760445,0.767980,0.772090,0.884580,0.753745,0.755174,0.743271,0.749928,0.742672,0.745281,0.753431,0.758636,0.766669,0.771156,0.728709,0.754205,0.758552,0.758977,0.751186,0.711847,0.742346,0.749393,0.731264,0.734117,0.834584,0.722351,0.714020,0.736577,0.741387,0.742777,0.784393,0.670711,0.715400,0.944427
0.216580,0.924580,0.853620,0.806031,0.760397,0.785574,0.787563,0.794254,0.797953,0.902032,0.781608,0.782797,0.771172,0.778062,0.771501,0.775628,0.784015,0.788658,0.795235,0.802030,0.757384,0.784247,0.787894,0.788894,0.782107,0.748767,0.775764,0.781207,0.763814,0.765611,0.852145,0.748401,0.739924,0.765433,0.769250,0.769521,0.814293,0.709118,0.744169,0.955672
0.224910,0.936392,0.870201,0.825909,0.781817,0.806034,0.808015,0.814122,0.817537,0.915670,0.802568,0.803594,0.792180,0.799205,0.793113,0.798065,0.806514,0.810959,0.816627,0.824083,0.777856,0.806449,0.809676,0.810835,0.804798,0.776481,0.800761,0.804933,0.788201,0.789279,0.866356,0.767915,0.759428,0.785576,0.789103,0.789874,0.835478,0.738034,0.765891,0.964906
0.233240,0.946233,0.883958,0.842221,0.799458,0.822835,0.824792,0.830445,0.833640,0.927032,0.819713,0.820623,0.809381,0.816493,0.810761,0.816081,0.824443,0.828829,0.833910,0.841161,0.793550,0.824176,0.827087,0.828255,0.822863,0.798313,0.820636,0.823859,0.807658,0.808160,0.878343,0.783808,0.775355,0.800943,0.804191,0.806332,0.851907,0.760692,0.783233,0.972792
0.241570,0.954727,0.895886,0.856373,0.814981,0.837527,0.839448,0.844711,0.847716,0.936932,0.834652,0.835472,0.824372,0.831555,0.826134,0.831508,0.839661,0.844022,0.848710,0.855314,0.806428,0.839209,0.841829,0.842962,0.838209,0.816257,0.837252,0.839797,0.824005,0.823981,0.888745,0.797597,0.789185,0.813527,0.816463,0.820301,0.865563,0.779116,0.797733,0.979702
0.249900,0.962214,0.906496,0.869059,0.829152,0.850845,0.852718,0.857623,0.860454,0.945776,0.848154,0.848900,0.837925,0.845170,0.840038,0.845262,0.853125,0.857449,0.861855,0.867640,0.817587,0.852473,0.854797,0.855891,0.851808,0.831512,0.851663,0.853732,0.838259,0.837728,0.897924,0.810011,0.801639,0.824390,0.827032,0.832556,0.877453,0.794582,0.810288,0.985847
0.258230,0.968875,0.916038,0.880586,0.842265,0.863083,0.864899,0.869467,0.872133,0.953756,0.860537,0.861219,0.850358,0.857662,0.852804,0.857757,0.865284,0.869547,0.873735,0.878687,0.827591,0.864413,0.866429,0.867493,0.864114,0.844789,0.864438,0.866173,0.850964,0.849937,0.906086,0.821351,0.813024,0.834064,0.836479,0.843505,0.888058,0.807880,0.821400,0.991346
0.266560,0.974816,0.924631,0.891079,0.854396,0.874335,0.876092,0.880340,0.882851,0.960970,0.871910,0.872535,0.861779,0.869137,0.864541,0.869162,0.876335,0.880517,0.884521,0.888713,0.836710,0.875226,0.876931,0.877973,0.875322,0.856508,0.875884,0.877379,0.862408,0.860900,0.913353,0.831727,0.823454,0.842814,0.845087,0.853349,0.897605,0.819499,0.831348,0.996280
0.274890,0.980113,0.932340,0.900584,0.865543,0.884624,0.886319,0.890269,0.892636,0.967478,0.882299,0.882873,0.872215,0.879623,0.875273,0.879533,0.886354,0.890442,0.894284,0.897828,0.845054,0.884992,0.886386,0.887414,0.885501,0.866921,0.886168,0.887479,0.872745,0.870776,0.919807,0.841170,0.832963,0.850756,0.852972,0.862183,0.906185,0.829746,0.840290,1.000706
0.283220,0.984823,0.939212,0.909127,0.875693,0.893958,0.895591,0.899270,0.901505,0.973333,0.891714,0.892243,0.881673,0.889127,0.885001,0.888887,0.895371,0.899366,0.903059,0.906071,0.852657,0.893743,0.894832,0.895848,0.894675,0.876192,0.895393,0.896548,0.882065,0.879662,0.925512,0.849692,0.841569,0.857940,0.860167,0.870050,0.913836,0.838825,0.848320,1.004678
0.291550,0.989004,0.945290,0.916734,0.884845,0.902349,0.903924,0.907361,0.909479,0.978588,0.900169,0.900658,0.890168,0.897659,0.893733,0.897236,0.903403,0.907316,0.910874,0.913453,0.859519,0.901498,0.902289,0.903295,0.902857,0.884435,0.903627,0.904636,0.890429,0.887621,0.930520,0.857312,0.849289,0.864385,0.866673,0.876980,0.920572,0.846878,0.855502,1.008245
0.299880,0.992703,0.950618,0.923438,0.893016,0.909827,0.911344,0.914573,0.916591,0.983293,0.907690,0.908147,0.897725,0.905247,0.901490,0.904602,0.910472,0.914324,0.917762,0.919992,0.865642,0.908282,0.908783,0.909778,0.910064,0.891741,0.910929,0.911790,0.897889,0.894708,0.934882,0.864060,0.856151,0.870111,0.872483,0.883000,0.926416,0.854015,0.861891,1.011450
0.308210,0.995963,0.955241,0.929277,0.900230,0.916422,0.917886,0.920940,0.922874,0.987487,0.914308,0.914740,0.904375,0.911919,0.908301,0.911013,0.916608,0.920426,0.923760,0.925701,0.871025,0.914125,0.914347,0.915327,0.916323,0.898184,0.917353,0.918056,0.904492,0.900971,0.938646,0.869971,0.862189,0.875133,0.877595,0.888145,0.931393,0.860321,0.867533,1.014328
0.316540,0.998819,0.959203,0.934297,0.906522,0.922172,0.923585,0.926497,0.928363,0.991206,0.920061,0.920475,0.910157,0.917714,0.914203,0.916507,0.921850,0.925664,0.928910,0.930608,0.875681,0.919071,0.919027,0.919988,0.921669,0.903830,0.922951,0.923480,0.910285,0.906458,0.941859,0.875084,0.867437,0.879472,0.882014,0.892461,0.935541,0.865872,0.872472,1.016909
0.324870,1.001298,0.962552,0.938546,0.911931,0.927115,0.928482,0.931283,0.933095,0.994474,0.924990,0.925394,0.915110,0.922673,0.919239,0.921134,0.926247,0.930089,0.933262,0.934748,0.879634,0.923176,0.922880,0.923819,0.926153,0.908742,0.927777,0.928115,0.915320,0.911220,0.944567,0.879445,0.871936,0.883158,0.885761,0.896007,0.938915,0.870735,0.876757,1.019213
0.333200,1.003427,0.965339,0.942085,0.916510,0.931299,0.932625,0.935342,0.937115,0.997314,0.929147,0.929546,0.919288,0.926850,0.923467,0.924959,0.929867,0.933763,0.936879,0.938173,0.882924,0.926512,0.925982,0.926892,0.929840,0.912986,0.931894,0.932023,0.919652,0.915312,0.946821,0.883106,0.875733,0.886231,0.888871,0.898856,0.941581,0.874976,0.880440,1.021259
0.341530,1.005233,0.967625,0.944985,0.920325,0.934789,0.936078,0.938735,0.940480,0.999755,0.932598,0.932997,0.922756,0.930313,0.926959,0.928063,0.932789,0.936764,0.939836,0.940950,0.885606,0.929166,0.928423,0.929300,0.932815,0.916631,0.935372,0.935277,0.923350,0.918801,0.948677,0.886132,0.878890,0.888741,0.891399,0.901097,0.943623,0.878662,0.883583,1.023065
0.349860,1.006749,0.969478,0.947335,0.923465,0.937665,0.938921,0.941537,0.943263,1.001830,0.935429,0.935832,0.925601,0.933149,0.929805,0.930547,0.935117,0.939186,0.942225,0.943164,0.887756,0.931245,0.930310,0.931150,0.935181,0.919756,0.938297,0.937967,0.926494,0.921765,0.950194,0.888605,0.881483,0.890758,0.893415,0.902830,0.945143,0.881866,0.886257,1.024650
0.358190,1.008014,0.970978,0.949235,0.926039,0.940024,0.941252,0.943842,0.945557,1.003585,0.937742,0.938149,0.927924,0.935461,0.932117,0.932528,0.936961,0.941136,0.944150,0.944913,0.889461,0.932865,0.931760,0.932559,0.937056,0.922447,0.940762,0.940193,0.929175,0.924291,0.951438,0.890618,0.883605,0.892361,0.895003,0.904166,0.946250,0.884664,0.888543,1.026037
0.366520,1.009072,0.972209,0.950794,0.928167,0.941976,0.943180,0.945753,0.947460,1.005071,0.939648,0.940062,0.929838,0.937364,0.934014,0.934127,0.938444,0.942729,0.945724,0.946304,0.890819,0.934148,0.932894,0.933651,0.938563,0.924792,0.942869,0.942060,0.931490,0.926474,0.952473,0.892274,0.885358,0.893639,0.896259,0.905215,0.947060,0.887136,0.890525,1.027251
0.374850,1.009970,0.973253,0.952117,0.929976,0.943634,0.944817,0.947377,0.949079,1.006347,0.941264,0.941684,0.931461,0.938977,0.935618,0.935470,0.939685,0.944077,0.947057,0.947446,0.891930,0.935213,0.933828,0.934543,0.939825,0.926879,0.944717,0.943674,0.933536,0.928406,0.953364,0.893680,0.886846,0.894683,0.897279,0.906085,0.947686,0.889359,0.892286,1.028323
0.383180,1.010755,0.974187,0.953304,0.931583,0.945105,0.946269,0.948816,0.950512,1.007467,0.942699,0.943123,0.932901,0.940409,0.937045,0.936667,0.940791,0.945284,0.948250,0.948440,0.892890,0.936166,0.934667,0.935341,0.940952,0.928789,0.946398,0.945133,0.935405,0.930174,0.954167,0.894931,0.888167,0.895583,0.898156,0.906871,0.948228,0.891404,0.893905,1.029282
0.391510,1.011469,0.975074,0.954437,0.933092,0.946480,0.947627,0.950158,0.951847,1.008485,0.944045,0.944473,0.934252,0.941755,0.938391,0.937813,0.941852,0.946436,0.949390,0.949370,0.893782,0.937097,0.935496,0.936132,0.942038,0.930592,0.947990,0.946518,0.937172,0.931851,0.954929,0.896112,0.889406,0.896411,0.898969,0.907650,0.948769,0.893331,0.895446,1.030154
0.399840,1.012148,0.975965,0.955579,0.934581,0.947833,0.948964,0.951473,0.953152,1.009444,0.945378,0.945805,0.935589,0.943090,0.939734,0.938978,0.942938,0.947599,0.950540,0.950307,0.894672,0.938071,0.936378,0.936980,0.943151,0.932341,0.949553,0.947893,0.938899,0.933494,0.955688,0.897286,0.890629,0.897230,0.899784,0.908480,0.949373,0.895188,0.896960,1.030965
0.408170,1.012822,0.976893,0.956774,0.936109,0.949215,0.950330,0.952811,0.954477,1.010379,0.946747,0.947173,0.936963,0.944464,0.941124,0.940212,0.944094,0.948819,0.951745,0.951299,0.895609,0.939129,0.937352,0.937924,0.944337,0.934074,0.951130,0.949301,0.940628,0.935142,0.956468,0.898500,0.891883,0.898086,0.900647,0.909396,0.950077,0.897011,0.898482,1.031736
0.416500,1.013513,0.977880,0.958044,0.937706,0.950657,0.951757,0.954202,0.955851,1.011317,0.948183,0.948605,0.938404,0.945909,0.942592,0.941538,0.945342,0.950119,0.953028,0.952370,0.896619,0.940293,0.938439,0.938985,0.945621,0.935816,0.952746,0.950766,0.942384,0.936819,0.957286,0.899779,0.893194,0.899004,0.901586,0.910415,0.950902,0.898819,0.900031,1.032484
0.424830,1.014235,0.978934,0.959396,0.939385,0.952172,0.953257,0.955660,0.957289,1.012273,0.949696,0.950113,0.939923,0.947433,0.944146,0.942963,0.946689,0.951505,0.954397,0.953532,0.897715,0.941565,0.939638,0.940162,0.947006,0.937576,0.954408,0.952296,0.944176,0.938533,0.958148,0.901131,0.894574,0.899994,0.902610,0.911538,0.951848,0.900626,0.901615,1.033222
0.433160,1.014998,0.980053,0.960825,0.941143,0.953758,0.954827,0.957185,0.958792,1.013258,0.951285,0.951696,0.941518,0.949036,0.945783,0.944478,0.948127,0.952971,0.955844,0.954778,0.898894,0.942936,0.940939,0.941446,0.948483,0.939355,0.956115,0.953887,0.946004,0.940282,0.959054,0.902552,0.896020,0.901054,0.903716,0.912754,0.952907,0.902432,0.903230,1.033961
0.441490,1.015807,0.981230,0.962317,0.942965,0.955405,0.956459,0.958768,0.960352,1.014275,0.952938,0.953342,0.943178,0.950703,0.947488,0.946067,0.949638,0.954504,0.957357,0.956095,0.900142,0.944386,0.942323,0.942816,0.950037,0.941148,0.957857,0.955528,0.947857,0.942057,0.959999,0.904033,0.897521,0.902174,0.904893,0.914047,0.954060,0.904235,0.904867,1.034707
0.449820,1.016663,0.982456,0.963856,0.944834,0.957098,0.958138,0.960397,0.961957,1.015326,0.954638,0.955034,0.944885,0.952418,0.949241,0.947707,0.951201,0.956084,0.958918,0.957464,0.901443,0.945893,0.943766,0.944248,0.951643,0.942945,0.959621,0.957203,0.949722,0.943844,0.960978,0.905558,0.899063,0.903339,0.906123,0.915394,0.955283,0.906030,0.906514,1.035464
0.458150,1.017566,0.983719,0.965425,0.946726,0.958820,0.959845,0.962056,0.963593,1.016407,0.956367,0.956755,0.946620,0.954161,0.951022,0.949378,0.952795,0.957692,0.960507,0.958865,0.902777,0.947435,0.945248,0.945721,0.953280,0.944737,0.961391,0.958894,0.951584,0.945628,0.961983,0.907110,0.900629,0.904532,0.907386,0.916776,0.956555,0.907808,0.908157,1.036234
0.466480,1.018513,0.985009,0.967008,0.948625,0.960555,0.961566,0.963730,0.965245,1.017517,0.958107,0.958489,0.948368,0.955915,0.952813,0.951060,0.954402,0.959311,0.962109,0.960279,0.904125,0.948994,0.946748,0.947215,0.954929,0.946513,0.963154,0.960588,0.953430,0.947398,0.963007,0.908673,0.902203,0.905736,0.908663,0.918176,0.957857,0.909564,0.909785,1.037020
0.474810,1.019502,0.986318,0.968592,0.950513,0.962289,0.963287,0.965407,0.966901,1.018649,0.959844,0.960221,0.950114,0.957667,0.954598,0.952739,0.956008,0.960929,0.963711,0.961693,0.905472,0.950555,0.948254,0.948716,0.956574,0.948268,0.964901,0.962273,0.955250,0.949143,0.964046,0.910236,0.903774,0.906940,0.909939,0.919581,0.959176,0.911293,0.911388,1.037821
0.483140,1.020531,0.987642,0.970172,0.952379,0.964013,0.964998,0.967079,0.968554,1.019802,0.961570,0.961942,0.951847,0.959405,0.956368,0.954405,0.957603,0.962538,0.965306,0.963096,0.906809,0.952110,0.949758,0.950215,0.958209,0.949997,0.966625,0.963941,0.957036,0.950856,0.965096,0.911791,0.905332,0.908135,0.911205,0.920984,0.960502,0.912995,0.912960,1.038636
0.491470,1.021596,0.988976,0.971743,0.954218,0.965723,0.966696,0.968740,0.970197,1.020971,0.963279,0.963647,0.953565,0.961126,0.958117,0.956055,0.959186,0.964135,0.966891,0.964486,0.908130,0.953657,0.951257,0.951712,0.959828,0.951702,0.968325,0.965592,0.958788,0.952537,0.966155,0.913334,0.906873,0.909317,0.912454,0.922384,0.961835,0.914669,0.914502,1.039465
0.499800,1.022697,0.990322,0.973306,0.956030,0.967417,0.968379,0.970390,0.971832,1.022155,0.964972,0.965337,0.955266,0.962830,0.959847,0.957692,0.960758,0.965722,0.968467,0.965863,0.909437,0.955200,0.952755,0.953209,0.961435,0.953385,0.970003,0.967226,0.960507,0.954188,0.967224,0.914865,0.908399,0.910487,0.913688,0.923784,0.963175,0.916320,0.916013,1.040307
0.508130,1.023834,0.991683,0.974868,0.957819,0.969100,0.970052,0.972033,0.973460,1.023354,0.966653,0.967015,0.956955,0.964521,0.961563,0.959322,0.962328,0.967305,0.970041,0.967235,0.910733,0.956745,0.954260,0.954714,0.963038,0.955052,0.971666,0.968852,0.962200,0.955814,0.968306,0.916388,0.909912,0.911651,0.914911,0.925194,0.964531,0.917954,0.917502,1.041162
0.516460,1.025005,0.993064,0.976436,0.959593,0.970778,0.971721,0.973674,0.975087,1.024569,0.968330,0.968690,0.958640,0.966208,0.963274,0.960957,0.963906,0.968896,0.971622,0.968611,0.912029,0.958305,0.955784,0.956239,0.964647,0.956712,0.973322,0.970477,0.963875,0.957424,0.969404,0.917912,0.911420,0.912816,0.916132,0.926623,0.965913,0.919580,0.918974,1.042028
0.524790,1.026213,0.994471,0.978019,0.961365,0.972461,0.973397,0.975322,0.976722,1.025802,0.970013,0.970371,0.960331,0.967902,0.964991,0.962610,0.965504,0.970505,0.973221,0.970005,0.913336,0.959892,0.957340,0.957795,0.966275,0.958376,0.974984,0.972114,0.965544,0.959029,0.970523,0.919444,0.912933,0.913995,0.917363,0.928083,0.967331,0.921206,0.920441,1.042908
0.533120,1.027459,0.995911,0.979629,0.963146,0.974161,0.975089,0.976987,0.978374,1.027056,0.971713,0.972069,0.962040,0.969613,0.966727,0.964293,0.967137,0.972145,0.974849,0.971429,0.914667,0.961520,0.958940,0.959398,0.967938,0.960053,0.976661,0.973774,0.967217,0.960641,0.971666,0.920996,0.914461,0.915199,0.918617,0.929589,0.968798,0.922841,0.921913,1.043800
0.541450,1.028744,0.997389,0.981276,0.964949,0.975887,0.976809,0.978680,0.980054,1.028336,0.973443,0.973797,0.963779,0.971355,0.968496,0.966021,0.968818,0.973828,0.976519,0.972899,0.916035,0.963203,0.960599,0.961059,0.969646,0.961754,0.978366,0.975468,0.968906,0.962269,0.972838,0.922576,0.916015,0.916441,0.919906,0.931152,0.970325,0.924496,0.923399,1.044707
0.549780,1.030071,0.998912,0.982968,0.966787,0.977651,0.978567,0.980409,0.981769,1.029644,0.975213,0.975563,0.965558,0.973138,0.970307,0.967804,0.970558,0.975564,0.978240,0.974425,0.917452,0.964950,0.962325,0.962787,0.971413,0.963487,0.980107,0.977207,0.970622,0.963923,0.974043,0.924196,0.917604,0.917732,0.921242,0.932781,0.971920,0.926178,0.924908,1.045628
0.558110,1.031440,1.000483,0.984713,0.968668,0.979459,0.980370,0.982183,0.983529,1.030984,0.977032,0.977378,0.967385,0.974970,0.972170,0.969651,0.972365,0.977362,0.980019,0.976018,0.918928,0.966770,0.964127,0.964592,0.973248,0.965260,0.981894,0.978999,0.972373,0.965612,0.975282,0.925860,0.919238,0.919080,0.922637,0.934484,0.973590,0.927894,0.926448,1.046565
0.566440,1.032852,1.002105,0.986514,0.970599,0.981319,0.982226,0.984006,0.985337,1.032359,0.978905,0.979246,0.969268,0.976858,0.974093,0.971570,0.974245,0.979227,0.981863,0.977685,0.920471,0.968669,0.966009,0.966477,0.975155,0.967079,0.983732,0.980849,0.974164,0.967342,0.976557,0.927576,0.920921,0.920494,0.924096,0.936266,0.975339,0.929649,0.928024,1.047519
0.574770,1.034306,1.003778,0.988376,0.972586,0.983235,0.984137,0.985884,0.987199,1.033769,0.980836,0.981172,0.971209,0.978806,0.976077,0.973564,0.976203,0.981163,0.983773,0.979431,0.922086,0.970649,0.967975,0.968445,0.977140,0.968947,0.985625,0.982762,0.976001,0.969116,0.977869,0.929344,0.922657,0.921977,0.925626,0.938130,0.977167,0.931447,0.929640,1.048488
0.583100,1.035803,1.005503,0.990297,0.974630,0.985207,0.986105,0.987817,0.989114,1.035215,0.982828,0.983157,0.973211,0.980815,0.978126,0.975632,0.978239,0.983170,0.985750,0.981257,0.923776,0.972710,0.970023,0.970495,0.979202,0.970864,0.987573,0.984737,0.977884,0.970936,0.979217,0.931168,0.924448,0.923532,0.927229,0.940074,0.979072,0.933289,0.931296,1.049474
0.591430,1.037338,1.007277,0.992276,0.976730,0.987234,0.988129,0.989804,0.991083,1.036696,0.984878,0.985201,0.975271,0.982884,0.980237,0.977775,0.980351,0.985246,0.987793,0.983165,0.925541,0.974850,0.972151,0.972623,0.981340,0.972833,0.989577,0.986774,0.979814,0.972802,0.980601,0.933044,0.926293,0.925159,0.928906,0.942097,0.981052,0.935174,0.932994,1.050474
0.599760,1.038910,1.009097,0.994309,0.978883,0.989315,0.990207,0.991842,0.993103,1.038211,0.986985,0.987299,0.977388,0.985010,0.982409,0.979987,0.982535,0.987388,0.989898,0.985150,0.927380,0.977065,0.974355,0.974826,0.983550,0.974849,0.991634,0.988870,0.981788,0.974711,0.982018,0.934970,0.928190,0.926857,0.930655,0.944195,0.983100,0.937103,0.934731,1.051488
0.608090,1.040515,1.010958,0.996393,0.981085,0.991445,0.992334,0.993929,0.995170,1.039755,0.989144,0.989449,0.979558,0.987189,0.984635,0.982265,0.984787,0.989592,0.992061,0.987210,0.929288,0.979350,0.976629,0.977097,0.985828,0.976911,0.993740,0.991021,0.983805,0.976662,0.983466,0.936942,0.930135,0.928622,0.932473,0.946362,0.985211,0.939073,0.936504,1.052512
0.616420,1.042149,1.012857,0.998521,0.983332,0.993618,0.994505,0.996058,0.997278,1.041325,0.991349,0.991645,0.981774,0.989416,0.986911,0.984603,0.987102,0.991852,0.994277,0.989339,0.931263,0.981698,0.978967,0.979431,0.988167,0.979016,0.995892,0.993222,0.985861,0.978651,0.984941,0.938955,0.932124,0.930452,0.934357,0.948594,0.987380,0.941080,0.938312,1.053546
0.624750,1.043806,1.014788,1.000689,0.985617,0.995830,0.996715,0.998224,0.999423,1.042917,0.993596,0.993882,0.984032,0.991685,0.989232,0.986995,0.989473,0.994164,0.996540,0.991534,0.933300,0.984105,0.981364,0.981823,0.990564,0.981159,0.998086,0.995470,0.987952,0.980674,0.986441,0.941004,0.934152,0.932341,0.936301,0.950886,0.989602,0.943123,0.940150,1.054585
0.633080,1.045482,1.016746,1.002891,0.987935,0.998075,0.998958,1.000422,1.001600,1.044526,0.995880,0.996154,0.986326,0.993991,0.991591,0.989436,0.991897,0.996521,0.998844,0.993789,0.935395,0.986566,0.983815,0.984266,0.993011,0.983337,1.000316,0.997759,0.990075,0.982729,0.987962,0.943084,0.936215,0.934286,0.938304,0.953233,0.991873,0.945198,0.942016,1.055626
0.641410,1.047171,1.018726,1.005122,0.990282,1.000348,1.001229,1.002646,1.003802,1.046148,0.998193,0.998456,0.988651,0.996329,0.993984,0.991920,0.994366,0.998920,1.001186,0.996099,0.937542,0.989074,0.986315,0.986758,0.995505,0.985547,1.002580,1.000084,0.992226,0.984811,0.989501,0.945190,0.938307,0.936283,0.940359,0.955631,0.994189,0.947302,0.943908,1.056667
0.649740,1.048870,1.020724,1.007378,0.992651,1.002643,1.003523,1.004892,1.006024,1.047776,1.000533,1.000782,0.991001,0.998693,0.996405,0.994443,0.996878,1.001355,1.003559,0.998461,0.939740,0.991626,0.988861,0.989293,0.998041,0.987785,1.004874,1.002442,0.994401,0.986918,0.991055,0.947317,0.940424,0.938327,0.942464,0.958076,0.996548,0.949432,0.945822,1.057703
0.658070,1.050571,1.022736,1.009653,0.995038,1.004955,1.005835,1.007154,1.008262,1.049408,1.002893,1.003129,0.993372,1.001079,0.998850,0.997000,0.999427,1.003821,1.005960,1.000869,0.941983,0.994217,0.991447,0.991867,1.000613,0.990047,1.007193,1.004829,0.996599,0.989046,0.992621,0.949461,0.942563,0.940415,0.944615,0.960564,0.998946,0.951585,0.947756,1.058733
0.666400,1.052271,1.024756,1.011943,0.997440,1.007281,1.008160,1.009427,1.010511,1.051037,1.005270,1.005491,0.995760,1.003482,1.001314,0.999587,1.002010,1.006315,1.008384,1.003320,0.944267,0.996843,0.994069,0.994477,1.003219,0.992331,1.009534,1.007239,0.998815,0.991194,0.994197,0.951617,0.944719,0.942544,0.946809,0.963091,1.001378,0.953758,0.949707,1.059751
0.674730,1.053965,1.026782,1.014245,0.999851,1.009615,1.010494,1.011708,1.012765,1.052660,1.007660,1.007864,0.998160,1.005898,1.003793,1.002199,1.004621,1.008832,1.010827,1.005810,0.946590,0.999499,0.996724,0.997117,1.005854,0.994634,1.011895,1.009671,1.001049,0.993358,0.995779,0.953783,0.946888,0.944709,0.949042,0.965654,1.003842,0.955949,0.951675,1.060756
0.683060,1.055649,1.028810,1.016555,1.002269,1.011954,1.012833,1.013991,1.015022,1.054272,1.010057,1.010245,1.000568,1.008323,1.006283,1.004832,1.007256,1.011369,1.013285,1.008334,0.948948,1.002182,0.999407,0.999785,1.008513,0.996952,1.014271,1.012120,1.003296,0.995537,0.997365,0.955953,0.949068,0.946906,0.951311,0.968249,1.006333,0.958154,0.953656,1.061743
0.691390,1.057317,1.030834,1.018867,1.004690,1.014293,1.015173,1.016273,1.017277,1.055869,1.012459,1.012629,1.002980,1.010753,1.008780,1.007482,1.009912,1.013920,1.015754,1.010888,0.951336,1.004887,1.002114,1.002475,1.011193,0.999281,1.016660,1.014582,1.005553,0.997727,0.998953,0.958125,0.951254,0.949131,0.953612,0.970871,1.008848,0.960372,0.955648,1.062711
0.699720,1.058965,1.032852,1.021180,1.007110,1.016629,1.017510,1.018550,1.019526,1.057447,1.014861,1.015012,1.005391,1.013184,1.011280,1.010144,1.012584,1.016482,1.018229,1.013468,0.953751,1.007609,1.004841,1.005183,1.013889,1.001620,1.019057,1.017053,1.007819,0.999925,1.000540,0.960294,0.953443,0.951381,0.955943,0.973516,1.011383,0.962598,0.957650,1.063656
0.708050,1.060590,1.034860,1.023487,1.009524,1.018958,1.019839,1.020817,1.021763,1.059002,1.017258,1.017389,1.007799,1.015611,1.013778,1.012814,1.015266,1.019050,1.020706,1.016067,0.956189,1.010344,1.007582,1.007905,1.016596,1.003963,1.021459,1.019530,1.010090,1.002128,1.002122,0.962456,0.955630,0.953650,0.958297,0.976179,1.013932,0.964829,0.959657,1.064575
0.716380,1.062187,1.036852,1.025784,1.011929,1.021273,1.022156,1.023070,1.023986,1.060530,1.019647,1.019757,1.010197,1.018030,1.016270,1.015485,1.017954,1.021618,1.023180,1.018681,0.958643,1.013086,1.010332,1.010635,1.019309,1.006308,1.023861,1.022006,1.012362,1.004334,1.003698,0.964608,0.957812,0.955932,0.960672,0.978855,1.016492,0.967063,0.961667,1.065466
0.724710,1.063752,1.038827,1.028068,1.014319,1.023572,1.024456,1.025304,1.026189,1.062027,1.022021,1.022109,1.012581,1.020435,1.018750,1.018154,1.020641,1.024181,1.025645,1.021304,0.961110,1.015829,1.013085,1.013368,1.022022,1.008649,1.026260,1.024479,1.014632,1.006538,1.005264,0.966745,0.959983,0.958223,0.963062,0.981538,1.019057,0.969295,0.963677,1.066326
0.733040,1.065281,1.040778,1.030332,1.016691,1.025849,1.026734,1.027515,1.028367,1.063490,1.024377,1.024442,1.014945,1.022823,1.021214,1.020813,1.023323,1.026735,1.028097,1.023929,0.963583,1.018567,1.015836,1.016097,1.024729,1.010984,1.028651,1.026941,1.016894,1.008735,1.006817,0.968862,0.962140,0.960517,0.965461,0.984222,1.021622,0.971521,0.965684,1.067153
0.741370,1.066771,1.042701,1.032571,1.019038,1.028099,1.028985,1.029696,1.030515,1.064914,1.026708,1.026749,1.017285,1.025186,1.023655,1.023457,1.025991,1.029272,1.030529,1.026550,0.966057,1.021295,1.018578,1.018817,1.027426,1.013307,1.031028,1.029389,1.019146,1.010923,1.008355,0.970954,0.964277,0.962808,0.967863,0.986902,1.024181,0.973738,0.967683,1.067944
0.749700,1.068218,1.044594,1.034781,1.021356,1.030316,1.031204,1.031843,1.032629,1.066296,1.029009,1.029026,1.019595,1.027520,1.026068,1.026079,1.028641,1.031787,1.032936,1.029159,0.968525,1.024005,1.021305,1.021522,1.030104,1.015613,1.033386,1.031817,1.021382,1.013097,1.009874,0.973017,0.966388,0.965088,0.970262,0.989571,1.026732,0.975941,0.969670,1.068697
0.758030,1.069618,1.046451,1.036957,1.023640,1.032496,1.033386,1.033952,1.034703,1.067632,1.031277,1.031268,1.021871,1.029820,1.028449,1.028675,1.031268,1.034275,1.035313,1.031754,0.970983,1.026692,1.024012,1.024206,1.032759,1.017900,1.035722,1.034219,1.023598,1.015252,1.011373,0.975047,0.968470,0.967358,0.972656,0.992224,1.029263,0.978128,0.971643,1.069409
0.766360,1.070968,1.048268,1.039094,1.025884,1.034635,1.035526,1.036017,1.036733,1.068918,1.033503,1.033468,1.024106,1.032081,1.030791,1.031238,1.033863,1.036730,1.037655,1.034325,0.973423,1.029350,1.026691,1.026863,1.035385,1.020161,1.038030,1.036591,1.025791,1.017384,1.012847,0.977038,0.970517,0.969605,0.975035,0.994855,1.031776,0.980293,0.973596,1.070080
0.774690,1.072266,1.050042,1.041187,1.028085,1.036726,1.037619,1.038034,1.038714,1.070152,1.035685,1.035624,1.026295,1.034296,1.033090,1.033761,1.036422,1.039146,1.039955,1.036867,0.975841,1.031974,1.029339,1.029488,1.037975,1.022394,1.040306,1.038927,1.027954,1.019490,1.014294,0.978986,0.972525,0.971826,0.977395,0.997459,1.034263,0.982432,0.975527,1.070707
0.783020,1.073508,1.051771,1.043232,1.030236,1.038766,1.039662,1.039999,1.040643,1.071331,1.037818,1.037729,1.028435,1.036463,1.035340,1.036241,1.038940,1.041519,1.042210,1.039375,0.978231,1.034557,1.031950,1.032076,1.040526,1.024593,1.042544,1.041223,1.030086,1.021564,1.015713,0.980888,0.974489,0.974018,0.979732,1.000029,1.036720,0.984543,0.977432,1.071288
0.791350,1.074693,1.053449,1.045225,1.032336,1.040751,1.041649,1.041907,1.042514,1.072452,1.039897,1.039780,1.030521,1.038576,1.037537,1.038673,1.041413,1.043845,1.044415,1.041843,0.980589,1.037097,1.034519,1.034624,1.043031,1.026755,1.044742,1.043475,1.032181,1.023604,1.017101,0.982740,0.976406,0.976176,0.982041,1.002563,1.039143,0.986622,0.979307,1.071822
0.799680,1.075818,1.055077,1.047164,1.034379,1.042678,1.043578,1.043757,1.044326,1.073513,1.041919,1.041774,1.032550,1.040633,1.039679,1.041052,1.043835,1.046119,1.046568,1.044270,0.982914,1.039587,1.037041,1.037125,1.045488,1.028877,1.046896,1.045679,1.034236,1.025607,1.018456,0.984538,0.978272,0.978296,0.984323,1.005055,1.041528,0.988666,0.981150,1.072309
0.808010,1.076883,1.056650,1.049045,1.036363,1.044544,1.045445,1.045544,1.046076,1.074512,1.043881,1.043707,1.034519,1.042630,1.041761,1.043374,1.046203,1.048337,1.048663,1.046650,0.985200,1.042026,1.039514,1.039577,1.047892,1.030956,1.049002,1.047832,1.036250,1.027568,1.019777,0.986281,0.980084,0.980376,0.986573,1.007500,1.043872,0.990671,0.982957,1.072747
0.816340,1.077885,1.058168,1.050866,1.038285,1.046346,1.047250,1.047267,1.047761,1.075450,1.045781,1.045578,1.036425,1.044564,1.043781,1.045638,1.048515,1.050498,1.050699,1.048981,0.987446,1.044408,1.041934,1.041976,1.050240,1.032989,1.051058,1.049930,1.038217,1.029487,1.021062,0.987967,0.981840,0.982412,0.988791,1.009897,1.046173,0.992635,0.984727,1.073137
0.824670,1.078826,1.059629,1.052624,1.040144,1.048083,1.048988,1.048923,1.049379,1.076324,1.047615,1.047383,1.038266,1.046433,1.045736,1.047839,1.050766,1.052597,1.052673,1.051260,0.989649,1.046732,1.044297,1.044320,1.052528,1.034972,1.053060,1.051971,1.040137,1.031359,1.022311,0.989592,0.983538,0.984402,0.990973,1.012241,1.048426,0.994556,0.986456,1.073477
0.833000,1.079703,1.061033,1.054320,1.041938,1.049753,1.050660,1.050513,1.050930,1.077134,1.049384,1.049122,1.040040,1.048236,1.047625,1.049977,1.052956,1.054634,1.054584,1.053485,0.991808,1.048995,1.046602,1.046607,1.054756,1.036904,1.055006,1.053952,1.042006,1.033183,1.023522,0.991157,0.985175,0.986345,0.993118,1.014531,1.050632,0.996431,0.988143,1.073768
0.841330,1.080518,1.062378,1.055950,1.043664,1.051355,1.052264,1.052033,1.052412,1.077880,1.051085,1.050793,1.041746,1.049971,1.049447,1.052048,1.055081,1.056606,1.056428,1.055653,0.993919,1.051195,1.048845,1.048835,1.056921,1.038783,1.056895,1.055872,1.043823,1.034956,1.024696,0.992660,0.986752,0.988238,0.995224,1.016763,1.052788,0.998257,0.989786,1.074010
0.849660,1.081270,1.063664,1.057515,1.045324,1.052888,1.053799,1.053485,1.053825,1.078564,1.052717,1.052395,1.043383,1.051638,1.051199,1.054051,1.057141,1.058511,1.058206,1.057763,0.995982,1.053329,1.051026,1.051000,1.059021,1.040606,1.058724,1.057729,1.045586,1.036678,1.025830,0.994101,0.988266,0.990081,0.997290,1.018935,1.054892,1.000033,0.991384,1.074204
0.857990,1.081960,1.064892,1.059014,1.046915,1.054352,1.055265,1.054868,1.055169,1.079184,1.054280,1.053928,1.044951,1.053235,1.052882,1.055986,1.059133,1.060349,1.059917,1.059813,0.997994,1.055398,1.053143,1.053103,1.061054,1.042372,1.060494,1.059522,1.047295,1.038349,1.026927,0.995479,0.989717,0.991872,0.999313,1.021046,1.056943,1.001758,0.992937,1.074351
0.866320,1.082590,1.066061,1.060447,1.048438,1.055748,1.056663,1.056182,1.056444,1.079744,1.055774,1.055392,1.046450,1.054763,1.054496,1.057851,1.061058,1.062120,1.061560,1.061804,0.999955,1.057400,1.055195,1.055143,1.063021,1.044081,1.062203,1.061251,1.048951,1.039968,1.027984,0.996794,0.991106,0.993612,1.001292,1.023094,1.058940,1.003430,0.994446,1.074451
0.874650,1.083161,1.067173,1.061816,1.049894,1.057075,1.057992,1.057428,1.057651,1.080243,1.057200,1.056788,1.047880,1.056223,1.056040,1.059647,1.062916,1.063823,1.063136,1.063734,1.001864,1.059334,1.057181,1.057118,1.064920,1.045733,1.063853,1.062916,1.050554,1.041538,1.029004,0.998047,0.992432,0.995300,1.003226,1.025079,1.060882,1.005048,0.995913,1.074507
0.882980,1.083674,1.068228,1.063119,1.051282,1.058335,1.059254,1.058607,1.058792,1.080685,1.058559,1.058116,1.049242,1.057615,1.057516,1.061374,1.064706,1.065459,1.064646,1.065603,1.003720,1.061201,1.059101,1.059030,1.066753,1.047326,1.065443,1.064518,1.052106,1.043059,1.029985,0.999239,0.993697,0.996936,1.005114,1.027000,1.062771,1.006613,0.997339,1.074519
0.891310,1.084132,1.069228,1.064359,1.052605,1.059529,1.060450,1.059721,1.059867,1.081070,1.059850,1.059378,1.050537,1.058939,1.058924,1.063033,1.066428,1.067028,1.066089,1.067412,1.005524,1.063001,1.060956,1.060877,1.068518,1.048862,1.066974,1.066057,1.053607,1.044532,1.030930,1.000372,0.994901,0.998520,1.006956,1.028858,1.064604,1.008123,0.998725,1.074489
0.899640,1.084535,1.070174,1.065538,1.053863,1.060659,1.061582,1.060770,1.060878,1.081401,1.061077,1.060575,1.051767,1.060198,1.060265,1.064624,1.068084,1.068532,1.067467,1.069161,1.007274,1.064735,1.062746,1.062661,1.070218,1.050340,1.068448,1.067534,1.055058,1.045959,1.031838,1.001445,0.996045,1.000055,1.008750,1.030651,1.066384,1.009578,1.000073,1.074419
0.907970,1.084887,1.071068,1.066655,1.055058,1.061726,1.062651,1.061757,1.061828,1.081680,1.062240,1.061708,1.052933,1.061393,1.061542,1.066148,1.069675,1.069971,1.068782,1.070851,1.008972,1.066403,1.064470,1.064382,1.071852,1.051760,1.069863,1.068949,1.056460,1.047340,1.032711,1.002461,0.997131,1.001540,1.010497,1.032381,1.068109,1.010978,1.001382,1.074311
0.916300,1.085190,1.071911,1.067714,1.056191,1.062732,1.063659,1.062685,1.062717,1.081910,1.063341,1.062780,1.054037,1.062526,1.062755,1.067607,1.071201,1.071347,1.070034,1.072483,1.010618,1.068006,1.066132,1.066041,1.073422,1.053123,1.071222,1.070304,1.057813,1.048675,1.033550,1.003422,0.998160,1.002978,1.012197,1.034049,1.069781,1.012323,1.002655,1.074167
0.924630,1.085446,1.072706,1.068716,1.057264,1.063680,1.064609,1.063554,1.063550,1.082093,1.064382,1.063793,1.055081,1.063598,1.063906,1.069002,1.072664,1.072661,1.071227,1.074058,1.012213,1.069546,1.067730,1.067639,1.074930,1.054428,1.072524,1.071601,1.059119,1.049966,1.034355,1.004329,0.999134,1.004369,1.013851,1.035654,1.071401,1.013613,1.003891,1.073988
0.932960,1.085657,1.073455,1.069664,1.058280,1.064572,1.065502,1.064369,1.064327,1.082234,1.065367,1.064748,1.056068,1.064613,1.064998,1.070336,1.074066,1.073916,1.072360,1.075578,1.013758,1.071025,1.069268,1.069177,1.076376,1.055677,1.073772,1.072839,1.060378,1.051213,1.035129,1.005185,1.000056,1.005715,1.015458,1.037199,1.072969,1.014847,1.005091,1.073778
0.941290,1.085828,1.074160,1.070559,1.059241,1.065409,1.066342,1.065131,1.065053,1.082333,1.066296,1.065649,1.056999,1.065572,1.066033,1.071609,1.075409,1.075112,1.073438,1.077045,1.015254,1.072443,1.070745,1.070658,1.077762,1.056869,1.074966,1.074021,1.061590,1.052416,1.035873,1.005992,1.000928,1.007019,1.017020,1.038685,1.074487,1.016025,1.006255,1.073537
0.949620,1.085959,1.074823,1.071404,1.060150,1.066196,1.067130,1.065843,1.065729,1.082395,1.067173,1.066498,1.057878,1.066478,1.067014,1.072825,1.076694,1.076252,1.074462,1.078460,1.016702,1.073803,1.072166,1.072082,1.079091,1.058006,1.076108,1.075149,1.062758,1.053578,1.036587,1.006753,1.001751,1.008282,1.018537,1.040113,1.075956,1.017149,1.007385,1.073270
0.957950,1.086055,1.075448,1.072203,1.061008,1.066936,1.067871,1.066508,1.066359,1.082423,1.068000,1.067298,1.058707,1.067334,1.067943,1.073986,1.077925,1.077339,1.075434,1.079826,1.018105,1.075107,1.073530,1.073453,1.080365,1.059089,1.077198,1.076224,1.063882,1.054699,1.037274,1.007469,1.002529,1.009506,1.020011,1.041486,1.077378,1.018219,1.008480,1.072977
0.966280,1.086118,1.076036,1.072958,1.061820,1.067630,1.068567,1.067130,1.066947,1.082419,1.068781,1.068052,1.059489,1.068142,1.068823,1.075095,1.079102,1.078375,1.076358,1.081145,1.019463,1.076358,1.074841,1.074771,1.081586,1.060117,1.078238,1.077248,1.064963,1.055779,1.037936,1.008145,1.003264,1.010694,1.021444,1.042805,1.078755,1.019234,1.009542,1.072661
0.974610,1.086151,1.076591,1.073671,1.062587,1.068282,1.069221,1.067711,1.067494,1.082387,1.069518,1.068763,1.060228,1.068907,1.069657,1.076153,1.080230,1.079363,1.077235,1.082419,1.020780,1.077558,1.076101,1.076039,1.082756,1.061094,1.079231,1.078223,1.066003,1.056821,1.038574,1.008782,1.003960,1.011848,1.022837,1.044072,1.080088,1.020196,1.010571,1.072325
0.982940,1.086156,1.077114,1.074345,1.063313,1.068895,1.069836,1.068255,1.068004,1.082330,1.070215,1.069433,1.060925,1.069630,1.070448,1.077164,1.081311,1.080304,1.078070,1.083651,1.022055,1.078709,1.077312,1.077260,1.083878,1.062019,1.080178,1.079153,1.067002,1.057825,1.039189,1.009383,1.004618,1.012969,1.024191,1.045290,1.081378,1.021106,1.011569,1.071970
0.991270,1.086136,1.077608,1.074984,1.064000,1.069473,1.070415,1.068765,1.068481,1.082252,1.070875,1.070067,1.061585,1.070315,1.071199,1.078130,1.082346,1.081203,1.078863,1.084843,1.023293,1.079813,1.078476,1.078435,1.084955,1.062895,1.081081,1.080038,1.067964,1.058792,1.039782,1.009951,1.005241,1.014061,1.025509,1.046461,1.082629,1.021964,1.012537,1.071599
0.999600,1.086094,1.078075,1.075590,1.064652,1.070017,1.070961,1.069243,1.068927,1.082154,1.071499,1.070666,1.062210,1.070964,1.071912,1.079055,1.083339,1.082061,1.079619,1.085997,1.024494,1.080874,1.079596,1.079568,1.085988,1.063723,1.081941,1.080882,1.068888,1.059725,1.040353,1.010489,1.005833,1.015126,1.026792,1.047587,1.083842,1.022773,1.013475,1.071214
1.007930,1.086032,1.078517,1.076165,1.065271,1.070531,1.071477,1.069692,1.069345,1.082039,1.072091,1.071234,1.062803,1.071580,1.072590,1.079940,1.084292,1.082880,1.080340,1.087116,1.025661,1.081894,1.080674,1.080659,1.086981,1.064506,1.082762,1.081686,1.069777,1.060625,1.040904,1.010999,1.006395,1.016164,1.028041,1.048671,1.085018,1.023533,1.014385,1.070816
1.016260,1.085951,1.078937,1.076712,1.065859,1.071018,1.071966,1.070117,1.069739,1.081912,1.072655,1.071774,1.063367,1.072167,1.073237,1.080788,1.085208,1.083665,1.081028,1.088202,1.026796,1.082875,1.081713,1.081713,1.087936,1.065245,1.083545,1.082454,1.070633,1.061494,1.041436,1.011483,1.006930,1.017180,1.029259,1.049715,1.086161,1.024248,1.015268,1.070409
1.024590,1.085855,1.079336,1.077234,1.066420,1.071481,1.072430,1.070518,1.070110,1.081773,1.073192,1.072287,1.063904,1.072727,1.073855,1.081603,1.086090,1.084417,1.081687,1.089257,1.027901,1.083819,1.082715,1.082730,1.088856,1.065944,1.084293,1.083188,1.071458,1.062333,1.041948,1.011945,1.007442,1.018174,1.030448,1.050720,1.087271,1.024919,1.016127,1.069992
1.032920,1.085746,1.079716,1.077733,1.066957,1.071921,1.072873,1.070899,1.070462,1.081625,1.073706,1.072778,1.064417,1.073262,1.074446,1.082386,1.086939,1.085140,1.082319,1.090285,1.028977,1.084730,1.083683,1.083714,1.089743,1.066604,1.085010,1.083891,1.072255,1.063145,1.042444,1.012387,1.007931,1.019148,1.031609,1.051691,1.088351,1.025548,1.016961,1.069569
1.041250,1.085625,1.080080,1.078213,1.067471,1.072343,1.073296,1.071263,1.070797,1.081471,1.074199,1.073248,1.064910,1.073775,1.075013,1.083141,1.087760,1.085836,1.082927,1.091286,1.030027,1.085610,1.084618,1.084667,1.090599,1.067229,1.085696,1.084566,1.073025,1.063932,1.042922,1.012810,1.008401,1.020105,1.032743,1.052628,1.089402,1.026139,1.017775,1.069141
1.049580,1.085495,1.080429,1.078675,1.067966,1.072748,1.073703,1.071612,1.071119,1.081314,1.074673,1.073701,1.065384,1.074270,1.075560,1.083870,1.088553,1.086507,1.083514,1.092263,1.031053,1.086462,1.085524,1.085591,1.091428,1.067822,1.086356,1.085216,1.073771,1.064697,1.043385,1.013219,1.008854,1.021045,1.033854,1.053535,1.090428,1.026694,1.018568,1.068709
1.057910,1.085356,1.080767,1.079123,1.068443,1.073139,1.074096,1.071949,1.071428,1.081154,1.075131,1.074138,1.065842,1.074747,1.076088,1.084576,1.089322,1.087157,1.084082,1.093219,1.032056,1.087287,1.086403,1.086488,1.092231,1.068386,1.086993,1.085843,1.074495,1.065440,1.043834,1.013613,1.009293,1.021971,1.034942,1.054413,1.091429,1.027218,1.019343,1.068275
1.066240,1.085212,1.081093,1.079558,1.068906,1.073518,1.074476,1.072275,1.071729,1.080994,1.075576,1.074562,1.066286,1.075211,1.076599,1.085260,1.090070,1.087788,1.084634,1.094154,1.033039,1.088088,1.087257,1.087361,1.093012,1.068925,1.087608,1.086450,1.075200,1.066166,1.044269,1.013996,1.009718,1.022884,1.036010,1.055265,1.092408,1.027712,1.020103,1.067840
1.074570,1.085063,1.081412,1.079982,1.069356,1.073888,1.074848,1.072594,1.072022,1.080835,1.076009,1.074975,1.066718,1.075662,1.077097,1.085926,1.090798,1.088403,1.085172,1.095071,1.034002,1.088868,1.088087,1.088211,1.093771,1.069441,1.088206,1.087041,1.075889,1.066876,1.044692,1.014370,1.010133,1.023785,1.037058,1.056093,1.093366,1.028181,1.020848,1.067405
1.082900,1.084911,1.081723,1.080399,1.069796,1.074250,1.075211,1.072907,1.072309,1.080679,1.076433,1.075380,1.067141,1.076103,1.077582,1.086575,1.091508,1.089004,1.085699,1.095972,1.034947,1.089628,1.088897,1.089042,1.094512,1.069939,1.088790,1.087617,1.076564,1.067573,1.045104,1.014736,1.010539,1.024675,1.038087,1.056899,1.094305,1.028629,1.021582,1.066971
1.091230,1.084757,1.082029,1.080810,1.070227,1.074606,1.075568,1.073215,1.072593,1.080528,1.076850,1.075777,1.067557,1.076535,1.078058,1.087210,1.092203,1.089593,1.086217,1.096858,1.035876,1.090371,1.089688,1.089853,1.095237,1.070423,1.089361,1.088183,1.077228,1.068259,1.045506,1.015096,1.010938,1.025556,1.039101,1.057685,1.095227,1.029059,1.022305,1.066539
1.099560,1.084602,1.082331,1.081216,1.070651,1.074958,1.075922,1.073520,1.072875,1.080382,1.077260,1.076169,1.067966,1.076962,1.078525,1.087832,1.092885,1.090173,1.086728,1.097730,1.036791,1.091098,1.090462,1.090648,1.095947,1.070894,1.089923,1.088740,1.077883,1.068936,1.045899,1.015452,1.011331,1.026428,1.040099,1.058452,1.096133,1.029475,1.023020,1.066111
1.107890,1.084448,1.082631,1.081620,1.071070,1.075307,1.076272,1.073824,1.073156,1.080243,1.077666,1.076556,1.068371,1.077383,1.078986,1.088443,1.093554,1.090745,1.087234,1.098590,1.037691,1.091811,1.091221,1.091429,1.096643,1.071359,1.090480,1.089290,1.078531,1.069607,1.046284,1.015804,1.011719,1.027292,1.041082,1.059202,1.097025,1.029881,1.023730,1.065685
1.116220,1.084294,1.082929,1.082023,1.071485,1.075654,1.076621,1.074128,1.073437,1.080110,1.078068,1.076941,1.068772,1.077800,1.079442,1.089044,1.094214,1.091312,1.087737,1.099439,1.038579,1.092511,1.091966,1.092195,1.097329,1.071818,1.091032,1.089837,1.079176,1.070274,1.046662,1.016154,1.012104,1.028149,1.042052,1.059938,1.097905,1.030281,1.024434,1.065264
1.124550,1.084141,1.083227,1.082426,1.071897,1.076001,1.076969,1.074433,1.073720,1.079985,1.078469,1.077325,1.069172,1.078215,1.079893,1.089638,1.094865,1.091874,1.088237,1.100278,1.039454,1.093201,1.092699,1.092950,1.098005,1.072277,1.091584,1.090383,1.079818,1.070939,1.047033,1.016503,1.012486,1.028999,1.043009,1.060659,1.098772,1.030678,1.025137,1.064847
1.132880,1.083990,1.083526,1.082830,1.072308,1.076348,1.077317,1.074739,1.074005,1.079868,1.078868,1.077708,1.069570,1.078628,1.080342,1.090225,1.095509,1.092434,1.088737,1.101107,1.040318,1.093881,1.093420,1.093693,1.098672,1.072738,1.092137,1.090928,1.080461,1.071605,1.047398,1.016852,1.012867,1.029842,1.043954,1.061369,1.099629,1.031076,1.025838,1.064434
1.141210,1.083842,1.083826,1.083237,1.072718,1.076696,1.077667,1.075048,1.074293,1.079758,1.079267,1.078090,1.069968,1.079040,1.080788,1.090806,1.096146,1.092993,1.089238,1.101927,1.041172,1.094553,1.094131,1.094427,1.099331,1.073203,1.092694,1.091476,1.081106,1.072272,1.047758,1.017201,1.013246,1.030679,1.044887,1.062067,1.100477,1.031478,1.026540,1.064027
1.149540,1.083695,1.084127,1.083646,1.073128,1.077046,1.078017,1.075359,1.074584,1.079657,1.079666,1.078473,1.070365,1.079451,1.081233,1.091382,1.096778,1.093551,1.089740,1.102739,1.042015,1.095217,1.094834,1.095152,1.099984,1.073677,1.093256,1.092028,1.081754,1.072942,1.048114,1.017550,1.013625,1.031509,1.045809,1.062754,1.101316,1.031888,1.027244,1.063624
1.157870,1.083551,1.084430,1.084059,1.073538,1.077398,1.078370,1.075673,1.074878,1.079563,1.080065,1.078857,1.070763,1.079863,1.081677,1.091953,1.097404,1.094110,1.090244,1.103542,1.042848,1.095874,1.095528,1.095868,1.100631,1.074160,1.093825,1.092585,1.082408,1.073618,1.048465,1.017900,1.014004,1.032332,1.046719,1.063433,1.102146,1.032308,1.027952,1.063225
1.166200,1.083409,1.084735,1.084475,1.073948,1.077751,1.078724,1.075989,1.075175,1.079477,1.080464,1.079242,1.071162,1.080274,1.082120,1.092521,1.098027,1.094670,1.090751,1.104338,1.043671,1.096525,1.096214,1.096577,1.101273,1.074657,1.094403,1.093148,1.083069,1.074299,1.048812,1.018251,1.014382,1.033149,1.047619,1.064102,1.102969,1.032740,1.028663,1.062832
1.174530,1.083269,1.085043,1.084895,1.074359,1.078106,1.079079,1.076308,1.075475,1.079398,1.080864,1.079627,1.071561,1.080686,1.082562,1.093085,1.098646,1.095231,1.091260,1.105125,1.044483,1.097170,1.096893,1.097279,1.101909,1.075167,1.094990,1.093718,1.083738,1.074988,1.049155,1.018603,1.014760,1.033957,1.048507,1.064764,1.103785,1.033189,1.029379,1.062442
1.182860,1.083130,1.085352,1.085318,1.074770,1.078462,1.079435,1.076629,1.075777,1.079325,1.081264,1.080012,1.071959,1.081097,1.083002,1.093645,1.099260,1.095794,1.091773,1.105903,1.045285,1.097809,1.097564,1.097973,1.102541,1.075694,1.095588,1.094296,1.084415,1.075685,1.049494,1.018955,1.015137,1.034758,1.049383,1.065417,1.104593,1.033654,1.030102,1.062056
1.191190,1.082992,1.085662,1.085744,1.075181,1.078818,1.079792,1.076951,1.076081,1.079256,1.081663,1.080397,1.072357,1.081507,1.083441,1.094201,1.099870,1.096359,1.092287,1.106671,1.046076,1.098442,1.098229,1.098660,1.103167,1.076237,1.096198,1.094882,1.085102,1.076390,1.049830,1.019306,1.015512,1.035549,1.050246,1.066063,1.105395,1.034138,1.030830,1.061673
1.199520,1.082854,1.085973,1.086172,1.075591,1.079174,1.080149,1.077274,1.076386,1.079192,1.082060,1.080781,1.072754,1.081915,1.083878,1.094752,1.100476,1.096925,1.092804,1.107430,1.046855,1.099068,1.098886,1.099340,1.103788,1.076799,1.096819,1.095476,1.085798,1.077104,1.050161,1.019657,1.015885,1.036329,1.051097,1.066700,1.106189,1.034643,1.031564,1.061293
1.207850,1.082715,1.086284,1.086603,1.075999,1.079530,1.080504,1.077596,1.076690,1.079131,1.082455,1.081163,1.073149,1.082321,1.084312,1.095299,1.101076,1.097492,1.093322,1.108178,1.047622,1.099688,1.099536,1.100012,1.104403,1.077380,1.097452,1.096078,1.086503,1.077827,1.050487,1.020006,1.016255,1.037099,1.051933,1.067330,1.106975,1.035170,1.032304,1.060914
1.216180,1.082574,1.086594,1.087033,1.076405,1.079883,1.080857,1.077917,1.076993,1.079072,1.082847,1.081542,1.073540,1.082724,1.084742,1.095839,1.101671,1.098058,1.093841,1.108914,1.048375,1.100301,1.100177,1.100676,1.105011,1.077979,1.098096,1.096687,1.087219,1.078558,1.050809,1.020352,1.016621,1.037855,1.052755,1.067951,1.107754,1.035718,1.033051,1.060537
1.224510,1.082431,1.086903,1.087463,1.076807,1.080232,1.081206,1.078234,1.077293,1.079014,1.083234,1.081917,1.073926,1.083121,1.085167,1.096372,1.102259,1.098623,1.094359,1.109636,1.049113,1.100905,1.100809,1.101331,1.105612,1.078598,1.098751,1.097302,1.087943,1.079298,1.051125,1.020694,1.016982,1.038598,1.053560,1.068563,1.108522,1.036289,1.033803,1.060161
1.232840,1.082284,1.087208,1.087891,1.077204,1.080577,1.081551,1.078547,1.077590,1.078954,1.083616,1.082286,1.074307,1.083513,1.085586,1.096898,1.102839,1.099187,1.094875,1.110345,1.049836,1.101500,1.101431,1.101975,1.106204,1.079235,1.099417,1.097924,1.088675,1.080045,1.051435,1.021030,1.017337,1.039325,1.054348,1.069165,1.109282,1.036882,1.034560,1.059784
1.241170,1.082133,1.087509,1.088316,1.077596,1.080916,1.081889,1.078855,1.077881,1.078892,1.083990,1.082648,1.074681,1.083898,1.085997,1.097415,1.103410,1.099747,1.095388,1.111038,1.050542,1.102086,1.102043,1.102609,1.106787,1.079890,1.100092,1.098550,1.089415,1.080798,1.051738,1.021360,1.017684,1.040036,1.055119,1.069755,1.110032,1.037497,1.035321,1.059406
1.249500,1.081976,1.087804,1.088736,1.077979,1.081247,1.082219,1.079155,1.078164,1.078827,1.084355,1.083002,1.075047,1.084274,1.086399,1.097921,1.103971,1.100302,1.095896,1.111714,1.051231,1.102659,1.102642,1.103231,1.107359,1.080562,1.100775,1.099179,1.090161,1.081558,1.052034,1.021683,1.018022,1.040729,1.055869,1.070334,1.110769,1.038133,1.036085,1.059026
1.257830,1.081812,1.088093,1.089149,1.078354,1.081569,1.082540,1.079447,1.078440,1.078756,1.084711,1.083346,1.075402,1.084639,1.086791,1.098415,1.104520,1.100851,1.096399,1.112373,1.051900,1.103221,1.103228,1.103839,1.107919,1.081250,1.101464,1.099810,1.090913,1.082321,1.052321,1.021995,1.018350,1.041403,1.056599,1.070899,1.111493,1.038790,1.036851,1.058643
1.266160,1.081640,1.088373,1.089555,1.078718,1.081880,1.082850,1.079728,1.078705,1.078679,1.085055,1.083679,1.075746,1.084993,1.087171,1.098897,1.105057,1.101392,1.096893,1.113011,1.052547,1.103768,1.103800,1.104433,1.108467,1.081953,1.102159,1.100441,1.091668,1.083087,1.052599,1.022298,1.018667,1.042055,1.057304,1.071451,1.112203,1.039466,1.037618,1.058256
1.274490,1.081459,1.088643,1.089951,1.079071,1.082179,1.083148,1.079997,1.078958,1.078594,1.085385,1.083998,1.076077,1.085334,1.087537,1.099364,1.105579,1.101924,1.097378,1.113628,1.053171,1.104301,1.104356,1.105011,1.108999,1.082667,1.102857,1.101071,1.092425,1.083855,1.052866,1.022587,1.018971,1.042685,1.057983,1.071987,1.112898,1.040160,1.038384,1.057865
1.282820,1.081267,1.088902,1.090335,1.079409,1.082464,1.083431,1.080252,1.079197,1.078500,1.085701,1.084303,1.076392,1.085659,1.087889,1.099814,1.106085,1.102444,1.097852,1.114220,1.053769,1.104816,1.104894,1.105572,1.109514,1.083392,1.103556,1.101697,1.093181,1.084621,1.053122,1.022863,1.019260,1.043290,1.058631,1.072507,1.113576,1.040869,1.039147,1.057469
1.291150,1.081065,1.089147,1.090705,1.079731,1.082732,1.083699,1.080491,1.079422,1.078394,1.086000,1.084591,1.076691,1.085968,1.088223,1.100245,1.106572,1.102951,1.098311,1.114785,1.054336,1.105312,1.105414,1.106113,1.110011,1.084124,1.104254,1.102316,1.093935,1.085384,1.053366,1.023123,1.019533,1.043868,1.059243,1.073009,1.114235,1.041590,1.039905,1.057067
1.299480,1.080849,1.089378,1.091059,1.080036,1.082983,1.083948,1.080713,1.079628,1.078276,1.086280,1.084861,1.076971,1.086258,1.088537,1.100656,1.107038,1.103440,1.098754,1.115320,1.054871,1.105787,1.105912,1.106632,1.110486,1.084861,1.104947,1.102927,1.094684,1.086142,1.053595,1.023365,1.019788,1.044417,1.059817,1.073491,1.114872,1.042321,1.040656,1.056658
1.307810,1.080620,1.089591,1.091395,1.080321,1.083214,1.084177,1.080916,1.079816,1.078144,1.086539,1.085110,1.077231,1.086526,1.088831,1.101043,1.107481,1.103911,1.099178,1.115823,1.055370,1.106238,1.106386,1.107127,1.110938,1.085598,1.105633,1.103525,1.095425,1.086891,1.053809,1.023588,1.020024,1.044933,1.060347,1.073951,1.115483,1.043058,1.041397,1.056241
1.316140,1.080375,1.089786,1.091710,1.080585,1.083423,1.084384,1.081096,1.079982,1.077996,1.086775,1.085336,1.077467,1.086772,1.089101,1.101405,1.107898,1.104360,1.099580,1.116290,1.055830,1.106662,1.106834,1.107594,1.111364,1.086334,1.106308,1.104108,1.096156,1.087629,1.054007,1.023790,1.020239,1.045414,1.060831,1.074386,1.116063,1.043799,1.042126,1.055816
1.324470,1.080115,1.089959,1.092002,1.080824,1.083608,1.084567,1.081254,1.080125,1.077832,1.086986,1.085538,1.077679,1.086992,1.089346,1.101739,1.108285,1.104785,1.099958,1.116720,1.056248,1.107057,1.107251,1.108029,1.111761,1.087063,1.106969,1.104673,1.096872,1.088352,1.054188,1.023969,1.020431,1.045861,1.061266,1.074793,1.116606,1.044539,1.042840,1.055382
1.332800,1.079838,1.090111,1.092269,1.081038,1.083768,1.084724,1.081386,1.080243,1.077649,1.087171,1.085713,1.077864,1.087186,1.089563,1.102042,1.108642,1.105182,1.100310,1.117110,1.056624,1.107420,1.107635,1.108430,1.112126,1.087783,1.107613,1.105217,1.097571,1.089058,1.054349,1.024123,1.020597,1.046269,1.061650,1.075171,1.117108,1.045274,1.043536,1.054937
1.341130,1.079542,1.090238,1.092508,1.081224,1.083900,1.084854,1.081491,1.080334,1.077447,1.087327,1.085860,1.078020,1.087351,1.089751,1.102313,1.108966,1.105551,1.100633,1.117459,1.056955,1.107748,1.107984,1.108793,1.112458,1.088490,1.108236,1.105737,1.098251,1.089744,1.054490,1.024251,1.020738,1.046637,1.061981,1.075516,1.117564,1.046002,1.044212,1.054483
1.349460,1.079228,1.090340,1.092719,1.081381,1.084004,1.084955,1.081568,1.080398,1.077226,1.087454,1.085978,1.078147,1.087486,1.089908,1.102550,1.109254,1.105887,1.100925,1.117765,1.057239,1.108040,1.108295,1.109116,1.112754,1.089180,1.108838,1.106230,1.098908,1.090408,1.054609,1.024352,1.020852,1.046965,1.062258,1.075827,1.117972,1.046719,1.044866,1.054018
1.357790,1.078896,1.090415,1.092899,1.081508,1.084077,1.085027,1.081617,1.080433,1.076983,1.087550,1.086066,1.078243,1.087590,1.090033,1.102752,1.109506,1.106191,1.101185,1.118027,1.057478,1.108295,1.108567,1.109398,1.113013,1.089852,1.109413,1.106695,1.099540,1.091046,1.054706,1.024424,1.020938,1.047252,1.062482,1.076103,1.118327,1.047422,1.045496,1.053542
1.366120,1.078543,1.090463,1.093048,1.081604,1.084120,1.085067,1.081634,1.080438,1.076720,1.087613,1.086121,1.078307,1.087662,1.090126,1.102917,1.109720,1.106460,1.101411,1.118243,1.057668,1.108510,1.108799,1.109637,1.113234,1.090502,1.109961,1.107130,1.100144,1.091657,1.054780,1.024467,1.020995,1.047495,1.062649,1.076341,1.118631,1.048109,1.046097,1.053056
1.374450,1.078171,1.090482,1.093163,1.081667,1.084131,1.085076,1.081621,1.080412,1.076435,1.087645,1.086145,1.078339,1.087701,1.090184,1.103045,1.109895,1.106693,1.101601,1.118415,1.057810,1.108686,1.108990,1.109832,1.113415,1.091127,1.110478,1.107530,1.100718,1.092236,1.054830,1.024480,1.021022,1.047696,1.062762,1.076542,1.118879,1.048775,1.046668,1.052558
1.382780,1.077779,1.090471,1.093245,1.081697,1.084110,1.085052,1.081577,1.080356,1.076128,1.087643,1.086135,1.078337,1.087706,1.090208,1.103135,1.110030,1.106888,1.101755,1.118541,1.057904,1.108820,1.109138,1.109982,1.113556,1.091724,1.110960,1.107896,1.101256,1.092779,1.054855,1.024462,1.021018,1.047855,1.062820,1.076705,1.119071,1.049417,1.047204,1.052048
1.391110,1.077367,1.090430,1.093292,1.081693,1.084056,1.084995,1.081500,1.080267,1.075799,1.087607,1.086092,1.078301,1.087677,1.090197,1.103185,1.110124,1.107044,1.101871,1.118620,1.057950,1.108913,1.109243,1.110086,1.113656,1.092287,1.111405,1.108222,1.101755,1.093283,1.054855,1.024413,1.020984,1.047970,1.062824,1.076828,1.119207,1.050032,1.047699,1.051528
1.399440,1.076936,1.090358,1.093303,1.081655,1.083969,1.084905,1.081390,1.080147,1.075448,1.087536,1.086015,1.078230,1.087613,1.090150,1.103195,1.110177,1.107160,1.101949,1.118653,1.057948,1.108963,1.109304,1.110144,1.113714,1.092815,1.111809,1.108508,1.102210,1.093742,1.054828,1.024332,1.020919,1.048041,1.062773,1.076911,1.119286,1.050617,1.048149,1.050997
1.407770,1.076484,1.090255,1.093277,1.081581,1.083848,1.084782,1.081248,1.079994,1.075075,1.087431,1.085903,1.078125,1.087513,1.090066,1.103166,1.110188,1.107234,1.101986,1.118639,1.057899,1.108970,1.109321,1.110156,1.113729,1.093305,1.112169,1.108752,1.102619,1.094153,1.054775,1.024220,1.020823,1.048069,1.062669,1.076954,1.119309,1.051168,1.048551,1.050455
1.416100,1.076013,1.090120,1.093215,1.081473,1.083694,1.084625,1.081073,1.079809,1.074680,1.087292,1.085757,1.077985,1.087379,1.089947,1.103096,1.110157,1.107267,1.101984,1.118580,1.057802,1.108935,1.109295,1.110121,1.113702,1.093754,1.112484,1.108951,1.102979,1.094515,1.054694,1.024076,1.020695,1.048054,1.062513,1.076957,1.119275,1.051682,1.048903,1.049903
1.424430,1.075523,1.089953,1.093116,1.081331,1.083506,1.084434,1.080866,1.079593,1.074265,1.087118,1.085578,1.077811,1.087211,1.089792,1.102986,1.110083,1.107258,1.101941,1.118475,1.057659,1.108857,1.109225,1.110041,1.113633,1.094160,1.112753,1.109106,1.103289,1.094824,1.054587,1.023901,1.020537,1.047997,1.062305,1.076920,1.119187,1.052159,1.049201,1.049341
1.432760,1.075015,1.089756,1.092981,1.081154,1.083286,1.084211,1.080628,1.079345,1.073829,1.086910,1.085365,1.077603,1.087008,1.089602,1.102837,1.109969,1.107207,1.101859,1.118325,1.057471,1.108737,1.109112,1.109915,1.113522,1.094522,1.112974,1.109215,1.103546,1.095081,1.054451,1.023696,1.020348,1.047898,1.062048,1.076844,1.119043,1.052597,1.049446,1.048770
1.441090,1.074490,1.089527,1.092809,1.080943,1.083033,1.083956,1.080358,1.079067,1.073373,1.086670,1.085119,1.077362,1.086771,1.089377,1.102649,1.109814,1.107115,1.101737,1.118132,1.057238,1.108576,1.108958,1.109745,1.113369,1.094839,1.113146,1.109279,1.103752,1.095283,1.054289,1.023460,1.020129,1.047759,1.061742,1.076730,1.118846,1.052993,1.049636,1.048190
1.449420,1.073947,1.089267,1.092603,1.080699,1.082750,1.083670,1.080058,1.078758,1.072899,1.086397,1.084841,1.077088,1.086502,1.089118,1.102424,1.109618,1.106982,1.101576,1.117897,1.056963,1.108375,1.108761,1.109532,1.113177,1.095110,1.113271,1.109298,1.103904,1.095432,1.054099,1.023194,1.019881,1.047580,1.061389,1.076577,1.118597,1.053348,1.049772,1.047602
1.457750,1.073389,1.088978,1.092361,1.080422,1.082436,1.083354,1.079729,1.078422,1.072407,1.086093,1.084533,1.076783,1.086201,1.088826,1.102161,1.109384,1.106810,1.101376,1.117620,1.056646,1.108134,1.108525,1.109277,1.112945,1.095336,1.113347,1.109272,1.104004,1.095528,1.053882,1.022900,1.019605,1.047363,1.060990,1.076387,1.118297,1.053661,1.049854,1.047007
1.466080,1.072817,1.088660,1.092086,1.080115,1.082092,1.083008,1.079371,1.078057,1.071898,1.085758,1.084194,1.076448,1.085869,1.088503,1.101863,1.109112,1.106598,1.101140,1.117304,1.056290,1.107855,1.108250,1.108980,1.112674,1.095515,1.113376,1.109202,1.104052,1.095570,1.053638,1.022578,1.019302,1.047109,1.060549,1.076162,1.117948,1.053931,1.049883,1.046406
1.474410,1.072231,1.088313,1.091778,1.079777,1.081721,1.082634,1.078986,1.077666,1.071374,1.085395,1.083827,1.076084,1.085508,1.088148,1.101530,1.108803,1.106348,1.100867,1.116949,1.055895,1.107539,1.107936,1.108644,1.112367,1.095650,1.113357,1.109089,1.104049,1.095560,1.053368,1.022230,1.018973,1.046819,1.060066,1.075901,1.117551,1.054158,1.049858,1.045799
1.482740,1.071632,1.087939,1.091438,1.079410,1.081322,1.082234,1.078576,1.077249,1.070835,1.085003,1.083432,1.075692,1.085119,1.087765,1.101164,1.108459,1.106061,1.100560,1.116558,1.055463,1.107187,1.107587,1.108270,1.112024,1.095739,1.113293,1.108933,1.103996,1.095499,1.053072,1.021857,1.018618,1.046495,1.059543,1.075607,1.117108,1.054344,1.049783,1.045187
1.491070,1.071022,1.087538,1.091068,1.079016,1.080898,1.081808,1.078141,1.076809,1.070283,1.084586,1.083011,1.075273,1.084703,1.087353,1.100767,1.108081,1.105739,1.100219,1.116131,1.054997,1.106801,1.107202,1.107859,1.111647,1.095783,1.113184,1.108736,1.103894,1.095388,1.052750,1.021459,1.018240,1.046138,1.058982,1.075280,1.116622,1.054487,1.049657,1.044572
1.499400,1.070402,1.087112,1.090668,1.078595,1.080450,1.081358,1.077683,1.076346,1.069719,1.084143,1.082566,1.074829,1.084261,1.086915,1.100339,1.107670,1.105383,1.099845,1.115671,1.054497,1.106383,1.106784,1.107413,1.111237,1.095784,1.113031,1.108499,1.103744,1.095228,1.052403,1.021039,1.017839,1.045750,1.058386,1.074922,1.116093,1.054589,1.049483,1.043955
1.507730,1.069774,1.086662,1.090241,1.078149,1.079979,1.080885,1.077203,1.075862,1.069145,1.083676,1.082097,1.074361,1.083795,1.086452,1.099883,1.107229,1.104994,1.099441,1.115180,1.053966,1.105933,1.106334,1.106933,1.110795,1.095743,1.112835,1.108224,1.103548,1.095022,1.052032,1.020597,1.017416,1.045331,1.057756,1.074534,1.115524,1.054650,1.049262,1.043335
1.516060,1.069137,1.086189,1.089787,1.077680,1.079487,1.080391,1.076703,1.075358,1.068562,1.083188,1.081606,1.073872,1.083307,1.085965,1.099399,1.106759,1.104574,1.099007,1.114658,1.053405,1.105454,1.105854,1.106422,1.110324,1.095660,1.112599,1.107912,1.103308,1.094771,1.051638,1.020135,1.016973,1.044885,1.057095,1.074117,1.114917,1.054672,1.048996,1.042715
1.524390,1.068495,1.085694,1.089308,1.077188,1.078975,1.079877,1.076185,1.074836,1.067970,1.082678,1.081095,1.073361,1.082797,1.085456,1.098890,1.106260,1.104125,1.098545,1.114108,1.052816,1.104947,1.105345,1.105880,1.109825,1.095537,1.112323,1.107564,1.103025,1.094476,1.051220,1.019655,1.016512,1.044412,1.056403,1.073673,1.114273,1.054654,1.048688,1.042095
1.532720,1.067848,1.085178,1.088805,1.076676,1.078445,1.079345,1.075649,1.074298,1.067373,1.082150,1.080565,1.072831,1.082268,1.084927,1.098358,1.105736,1.103648,1.098057,1.113531,1.052201,1.104414,1.104808,1.105311,1.109299,1.095375,1.112010,1.107183,1.102701,1.094141,1.050780,1.019157,1.016033,1.043914,1.055684,1.073204,1.113595,1.054599,1.048338,1.041476
1.541050,1.067197,1.084642,1.088280,1.076144,1.077897,1.078796,1.075097,1.073744,1.066769,1.081603,1.080017,1.072283,1.081721,1.084378,1.097802,1.105187,1.103144,1.097544,1.112929,1.051561,1.103855,1.104246,1.104714,1.108748,1.095176,1.111661,1.106769,1.102338,1.093766,1.050318,1.018643,1.015538,1.043392,1.054938,1.072710,1.112884,1.054508,1.047950,1.040859
1.549380,1.066543,1.084089,1.087734,1.075594,1.077335,1.078232,1.074531,1.073176,1.066162,1.081041,1.079454,1.071720,1.081157,1.083812,1.097226,1.104615,1.102615,1.097008,1.112303,1.050897,1.103273,1.103659,1.104092,1.108174,1.094940,1.111277,1.106325,1.101939,1.093353,1.049836,1.018114,1.015028,1.042848,1.054168,1.072193,1.112142,1.054381,1.047525,1.040245
1.557710,1.065888,1.083518,1.087169,1.075028,1.076758,1.077654,1.073952,1.072596,1.065552,1.080463,1.078876,1.071141,1.080578,1.083230,1.096631,1.104021,1.102063,1.096450,1.111655,1.050213,1.102670,1.103050,1.103446,1.107578,1.094671,1.110861,1.105853,1.101504,1.092906,1.049334,1.017573,1.014504,1.042282,1.053375,1.071654,1.111371,1.054220,1.047065,1.039635
1.566040,1.065233,1.082931,1.086586,1.074447,1.076168,1.077063,1.073362,1.072005,1.064940,1.079872,1.078285,1.070548,1.079985,1.082633,1.096018,1.103408,1.101489,1.095872,1.110987,1.049508,1.102046,1.102419,1.102778,1.106961,1.094368,1.110415,1.105353,1.101037,1.092425,1.048812,1.017019,1.013967,1.041698,1.052561,1.071095,1.110573,1.054026,1.046573,1.039029
1.574370,1.064579,1.082330,1.085986,1.073852,1.075567,1.076462,1.072761,1.071404,1.064328,1.079269,1.077682,1.069944,1.079380,1.082022,1.095388,1.102775,1.100895,1.095275,1.110300,1.048785,1.101403,1.101769,1.102089,1.106325,1.094033,1.109939,1.104827,1.100538,1.091913,1.048273,1.016455,1.013420,1.041095,1.051727,1.070517,1.109749,1.053800,1.046051,1.038429
1.582700,1.063927,1.081716,1.085371,1.073245,1.074956,1.075850,1.072151,1.070794,1.063716,1.078655,1.077068,1.069328,1.078763,1.081400,1.094743,1.102126,1.100281,1.094660,1.109595,1.048044,1.100742,1.101100,1.101381,1.105672,1.093669,1.109435,1.104277,1.100010,1.091372,1.047716,1.015881,1.012862,1.040475,1.050875,1.069920,1.108902,1.053544,1.045500,1.037835
1.591030,1.063278,1.081088,1.084741,1.072627,1.074337,1.075229,1.071533,1.070178,1.063106,1.078032,1.076446,1.068703,1.078137,1.080766,1.094085,1.101460,1.099650,1.094029,1.108874,1.047287,1.100065,1.100414,1.100655,1.105002,1.093275,1.108906,1.103705,1.099455,1.090804,1.047142,1.015299,1.012295,1.039839,1.050006,1.069307,1.108032,1.053258,1.044923,1.037248
1.599360,1.062634,1.080450,1.084099,1.071998,1.073709,1.074601,1.070909,1.069555,1.062498,1.077400,1.075815,1.068070,1.077502,1.080124,1.093414,1.100780,1.099003,1.093383,1.108137,1.046516,1.099373,1.099712,1.099912,1.104317,1.092854,1.108352,1.103112,1.098874,1.090211,1.046553,1.014710,1.011720,1.039189,1.049122,1.068678,1.107142,1.052944,1.044323,1.036669
1.607690,1.061994,1.079801,1.083445,1.071361,1.073075,1.073967,1.070280,1.068927,1.061894,1.076760,1.075177,1.067429,1.076859,1.079472,1.092731,1.100086,1.098340,1.092724,1.107386,1.045730,1.098667,1.098995,1.099154,1.103617,1.092406,1.107775,1.102498,1.098270,1.089594,1.045949,1.014114,1.011139,1.038525,1.048224,1.068034,1.106233,1.052603,1.043700,1.036098
1.616020,1.061360,1.079143,1.082780,1.070716,1.072436,1.073328,1.069646,1.068295,1.061294,1.076115,1.074534,1.066782,1.076209,1.078813,1.092038,1.099379,1.097664,1.092052,1.106623,1.044932,1.097948,1.098264,1.098382,1.102905,1.091934,1.107177,1.101867,1.097643,1.088955,1.045331,1.013514,1.010551,1.037848,1.047312,1.067376,1.105305,1.052235,1.043056,1.035536
1.624350,1.060732,1.078477,1.082106,1.070064,1.071792,1.072684,1.069008,1.067661,1.060699,1.075464,1.073885,1.066130,1.075555,1.078148,1.091336,1.098661,1.096974,1.091368,1.105847,1.044122,1.097217,1.097520,1.097596,1.102181,1.091437,1.106559,1.101217,1.096996,1.088296,1.044699,1.012909,1.009958,1.037159,1.046387,1.066706,1.104361,1.051842,1.042394,1.034984
1.632680,1.060112,1.077804,1.081423,1.069406,1.071145,1.072036,1.068368,1.067024,1.060109,1.074809,1.073232,1.065474,1.074895,1.077478,1.090626,1.097933,1.096273,1.090673,1.105059,1.043301,1.096475,1.096765,1.096798,1.101446,1.090918,1.105921,1.100552,1.096330,1.087619,1.044055,1.012302,1.009362,1.036458,1.045451,1.066023,1.103401,1.051425,1.041715,1.034441
1.641010,1.059499,1.077123,1.080732,1.068743,1.070495,1.071386,1.067726,1.066386,1.059525,1.074151,1.072577,1.064814,1.074232,1.076802,1.089907,1.097194,1.095560,1.089969,1.104261,1.042469,1.095723,1.095999,1.095989,1.100701,1.090376,1.105266,1.099872,1.095645,1.086924,1.043399,1.011691,1.008762,1.035748,1.044504,1.065330,1.102428,1.050983,1.041020,1.033908
1.649340,1.058895,1.076437,1.080034,1.068076,1.069843,1.070734,1.067083,1.065747,1.058949,1.073489,1.071918,1.064151,1.073565,1.076123,1.089182,1.096447,1.094837,1.089256,1.103453,1.041628,1.094961,1.095222,1.095169,1.099946,1.089813,1.104593,1.099177,1.094945,1.086213,1.042732,1.011079,1.008159,1.035027,1.043547,1.064625,1.101440,1.050519,1.040312,1.033386
1.657670,1.058300,1.075746,1.079330,1.067406,1.069189,1.070081,1.066439,1.065108,1.058379,1.072826,1.071258,1.063486,1.072897,1.075440,1.088450,1.095691,1.094104,1.088534,1.102636,1.040778,1.094191,1.094436,1.094339,1.099183,1.089229,1.103905,1.098468,1.094229,1.085488,1.042055,1.010466,1.007554,1.034297,1.042580,1.063911,1.100441,1.050032,1.039590,1.032875
1.666000,1.057714,1.075051,1.078620,1.066732,1.068534,1.069426,1.065796,1.064469,1.057816,1.072161,1.070597,1.062819,1.072226,1.074755,1.087713,1.094927,1.093362,1.087805,1.101810,1.039918,1.093412,1.093640,1.093501,1.098411,1.088626,1.103201,1.097747,1.093498,1.084749,1.041368,1.009852,1.006947,1.033558,1.041604,1.063188,1.099430,1.049522,1.038857,1.032375
1.674330,1.057138,1.074352,1.077906,1.066056,1.067879,1.068772,1.065153,1.063831,1.057261,1.071495,1.069934,1.062152,1.071554,1.074067,1.086970,1.094156,1.092612,1.087069,1.100976,1.039051,1.092626,1.092836,1.092653,1.097632,1.088003,1.102483,1.097014,1.092754,1.083997,1.040673,1.009238,1.006340,1.032811,1.040619,1.062455,1.098408,1.048991,1.038113,1.031886
1.682660,1.056571,1.073649,1.077186,1.065378,1.067224,1.068117,1.064510,1.063195,1.056715,1.070828,1.069272,1.061483,1.070880,1.073378,1.086223,1.093377,1.091854,1.086327,1.100133,1.038175,1.091832,1.092024,1.091797,1.096845,1.087361,1.101750,1.096269,1.091997,1.083233,1.039969,1.008624,1.005731,1.032055,1.039626,1.061714,1.097375,1.048439,1.037359,1.031409
1.690990,1.056015,1.072944,1.076463,1.064698,1.066569,1.067463,1.063869,1.062559,1.056175,1.070160,1.068609,1.060814,1.070206,1.072686,1.085470,1.092592,1.091088,1.085578,1.099283,1.037291,1.091031,1.091205,1.090933,1.096051,1.086701,1.101004,1.095513,1.091228,1.082458,1.039258,1.008010,1.005122,1.031291,1.038624,1.060965,1.096333,1.047866,1.036596,1.030943
1.699320,1.055469,1.072237,1.075736,1.064016,1.065915,1.066809,1.063229,1.061926,1.055644,1.069493,1.067946,1.060145,1.069532,1.071993,1.084714,1.091801,1.090315,1.084823,1.098425,1.036400,1.090224,1.090378,1.090062,1.095251,1.086023,1.100246,1.094746,1.090447,1.081672,1.038540,1.007397,1.004513,1.030520,1.037614,1.060208,1.095283,1.047272,1.035824,1.030488
1.707650,1.054932,1.071528,1.075006,1.063334,1.065261,1.066157,1.062590,1.061294,1.055121,1.068825,1.067283,1.059475,1.068857,1.071300,1.083953,1.091004,1.089535,1.084063,1.097559,1.035501,1.089410,1.089544,1.089183,1.094444,1.085327,1.099474,1.093968,1.089655,1.080876,1.037816,1.006786,1.003903,1.029741,1.036597,1.059443,1.094223,1.046659,1.035045,1.030045
1.715980,1.054407,1.070817,1.074273,1.062651,1.064608,1.065505,1.061953,1.060664,1.054606,1.068158,1.066621,1.058806,1.068181,1.070605,1.083188,1.090200,1.088748,1.083297,1.096687,1.034595,1.088589,1.088703,1.088298,1.093631,1.084615,1.098691,1.093181,1.088853,1.080071,1.037086,1.006175,1.003294,1.028954,1.035572,1.058671,1.093156,1.046026,1.034259,1.029613
1.724310,1.053891,1.070106,1.073538,1.061966,1.063956,1.064854,1.061317,1.060037,1.054099,1.067490,1.065959,1.058137,1.067506,1.069909,1.082419,1.089391,1.087955,1.082527,1.095807,1.033683,1.087763,1.087855,1.087406,1.092813,1.083887,1.097896,1.092384,1.088041,1.079256,1.036350,1.005565,1.002685,1.028161,1.034541,1.057892,1.092081,1.045374,1.033465,1.029192
1.732640,1.053386,1.069394,1.072800,1.061282,1.063305,1.064204,1.060684,1.059411,1.053600,1.066824,1.065298,1.057469,1.066831,1.069213,1.081647,1.088577,1.087156,1.081752,1.094922,1.032765,1.086932,1.087002,1.086509,1.091989,1.083142,1.097090,1.091578,1.087220,1.078434,1.035611,1.004958,1.002076,1.027361,1.033505,1.057106,1.090999,1.044704,1.032666,1.028783
1.740970,1.052890,1.068682,1.072061,1.060597,1.062655,1.063556,1.060052,1.058788,1.053108,1.066158,1.064638,1.056801,1.066157,1.068516,1.080871,1.087758,1.086352,1.080973,1.094031,1.031842,1.086095,1.086143,1.085605,1.091160,1.082384,1.096274,1.090764,1.086390,1.077603,1.034867,1.004351,1.001468,1.026556,1.032464,1.056315,1.089911,1.044017,1.031861,1.028384
1.749300,1.052405,1.067970,1.071320,1.059913,1.062007,1.062909,1.059423,1.058167,1.052624,1.065493,1.063979,1.056134,1.065483,1.067819,1.080094,1.086935,1.085543,1.080191,1.093136,1.030915,1.085254,1.085279,1.084698,1.090326,1.081611,1.095447,1.089942,1.085551,1.076764,1.034120,1.003747,1.000861,1.025745,1.031422,1.055518,1.088819,1.043313,1.031050,1.027996
1.757630,1.051930,1.067259,1.070579,1.059229,1.061361,1.062264,1.058796,1.057548,1.052147,1.064829,1.063321,1.055468,1.064810,1.067123,1.079314,1.086109,1.084729,1.079406,1.092237,1.029986,1.084410,1.084412,1.083787,1.089490,1.080825,1.094612,1.089113,1.084705,1.075919,1.033370,1.003144,1.000254,1.024930,1.030378,1.054717,1.087725,1.042594,1.030234,1.027619
1.765960,1.051464,1.066549,1.069838,1.058545,1.060717,1.061621,1.058171,1.056933,1.051678,1.064166,1.062665,1.054804,1.064138,1.066427,1.078532,1.085280,1.083913,1.078618,1.091336,1.029055,1.083563,1.083542,1.082874,1.088650,1.080027,1.093769,1.088277,1.083851,1.075068,1.032619,1.002544,0.999649,1.024112,1.029336,1.053912,1.086630,1.041860,1.029414,1.027253
1.774290,1.051009,1.065841,1.069097,1.057863,1.060075,1.060981,1.057549,1.056320,1.051216,1.063506,1.062011,1.054141,1.063468,1.065732,1.077750,1.084449,1.083094,1.077830,1.090433,1.028124,1.082714,1.082670,1.081959,1.087809,1.079217,1.092918,1.087436,1.082991,1.074210,1.031866,1.001947,0.999046,1.023291,1.028296,1.053105,1.085536,1.041113,1.028589,1.026896
1.782620,1.050562,1.065135,1.068357,1.057183,1.059435,1.060343,1.056930,1.055711,1.050761,1.062847,1.061360,1.053481,1.062800,1.065039,1.076968,1.083618,1.082272,1.077040,1.089530,1.027194,1.081865,1.081798,1.081045,1.086967,1.078398,1.092060,1.086590,1.082126,1.073348,1.031112,1.001352,0.998444,1.022468,1.027260,1.052296,1.084446,1.040354,1.027762,1.026550
1.790950,1.050126,1.064432,1.067619,1.056505,1.058799,1.059709,1.056315,1.055106,1.050314,1.062192,1.060711,1.052823,1.062135,1.064348,1.076187,1.082787,1.081451,1.076251,1.088628,1.026267,1.081017,1.080927,1.080133,1.086125,1.077571,1.091198,1.085741,1.081257,1.072483,1.030358,1.000761,0.997845,1.021645,1.026230,1.051487,1.083362,1.039584,1.026933,1.026214
1.799280,1.049699,1.063734,1.066884,1.055831,1.058167,1.059078,1.055704,1.054505,1.049874,1.061540,1.060066,1.052169,1.061473,1.063660,1.075408,1.081958,1.080631,1.075464,1.087728,1.025344,1.080170,1.080059,1.079225,1.085285,1.076739,1.090334,1.084891,1.080388,1.071619,1.029605,1.000174,0.997249,1.020824,1.025208,1.050680,1.082285,1.038807,1.026108,1.025888
1.807610,1.049282,1.063039,1.066153,1.055160,1.057539,1.058452,1.055098,1.053908,1.049441,1.060892,1.059426,1.051519,1.060815,1.062976,1.074633,1.081131,1.079813,1.074679,1.086832,1.024427,1.079328,1.079194,1.078321,1.084449,1.075902,1.089470,1.084042,1.079520,1.070757,1.028853,0.999591,0.996657,1.020004,1.024195,1.049876,1.081219,1.038024,1.025287,1.025572
1.815940,1.048874,1.062349,1.065426,1.054493,1.056915,1.057830,1.054496,1.053316,1.049016,1.060248,1.058789,1.050873,1.060161,1.062296,1.073861,1.080309,1.078997,1.073898,1.085941,1.023515,1.078489,1.078335,1.077424,1.083615,1.075063,1.088605,1.083194,1.078655,1.069899,1.028103,0.999013,0.996068,1.019187,1.023193,1.049075,1.080164,1.037235,1.024471,1.025265
1.824270,1.048476,1.061665,1.064704,1.053831,1.056297,1.057213,1.053899,1.052730,1.048598,1.059609,1.058158,1.050232,1.059512,1.061621,1.073093,1.079491,1.078186,1.073121,1.085055,1.022612,1.077656,1.077481,1.076534,1.082787,1.074222,1.087742,1.082348,1.077792,1.069043,1.027355,0.998440,0.995484,1.018375,1.022202,1.048279,1.079122,1.036442,1.023659,1.024967
1.832600,1.048086,1.060986,1.063988,1.053174,1.055684,1.056602,1.053308,1.052148,1.048188,1.058975,1.057531,1.049596,1.058868,1.060950,1.072331,1.078678,1.077379,1.072349,1.084176,1.021717,1.076829,1.076635,1.075651,1.081964,1.073380,1.086881,1.081505,1.076932,1.068192,1.026610,0.997873,0.994904,1.017567,1.021224,1.047489,1.078094,1.035646,1.022853,1.024679
1.840930,1.047706,1.060313,1.063277,1.052522,1.055076,1.055996,1.052722,1.051573,1.047784,1.058347,1.056910,1.048966,1.058229,1.060285,1.071575,1.077871,1.076577,1.071582,1.083304,1.020830,1.076008,1.075796,1.074778,1.081148,1.072539,1.086023,1.080665,1.076076,1.067345,1.025868,0.997311,0.994328,1.016765,1.020259,1.046705,1.077081,1.034849,1.022053,1.024399
1.849260,1.047334,1.059647,1.062573,1.051876,1.054474,1.055397,1.052142,1.051003,1.047388,1.057725,1.056296,1.048341,1.057597,1.059626,1.070824,1.077071,1.075782,1.070822,1.082440,1.019954,1.075195,1.074965,1.073914,1.080338,1.071698,1.085168,1.079830,1.075223,1.066502,1.025132,0.996756,0.993758,1.015970,1.019307,1.045929,1.076083,1.034051,1.021258,1.024128
1.857590,1.046972,1.058990,1.061878,1.051237,1.053880,1.054804,1.051569,1.050441,1.047000,1.057109,1.055687,1.047723,1.056971,1.058974,1.070081,1.076279,1.074993,1.070069,1.081586,1.019088,1.074390,1.074143,1.073061,1.079536,1.070861,1.084317,1.079001,1.074376,1.065665,1.024403,0.996207,0.993193,1.015182,1.018371,1.045161,1.075102,1.033253,1.020469,1.023867
1.865920,1.046620,1.058342,1.061191,1.050606,1.053292,1.054218,1.051004,1.049885,1.046619,1.056500,1.055086,1.047113,1.056352,1.058329,1.069346,1.075495,1.074212,1.069324,1.080741,1.018234,1.073595,1.073332,1.072219,1.078743,1.070027,1.083472,1.078178,1.073535,1.064834,1.023684,0.995666,0.992635,1.014402,1.017449,1.044402,1.074138,1.032457,1.019687,1.023614
1.874250,1.046277,1.057705,1.060514,1.049983,1.052713,1.053640,1.050446,1.049337,1.046246,1.055899,1.054493,1.046510,1.055741,1.057693,1.068620,1.074721,1.073440,1.068588,1.079907,1.017391,1.072809,1.072531,1.071388,1.077959,1.069198,1.082635,1.077363,1.072701,1.064011,1.022974,0.995133,0.992083,1.013631,1.016544,1.043653,1.073190,1.031665,1.018913,1.023370
1.882580,1.045943,1.057078,1.059847,1.049368,1.052141,1.053070,1.049895,1.048797,1.045881,1.055306,1.053907,1.045915,1.055138,1.057064,1.067903,1.073956,1.072678,1.067862,1.079084,1.016562,1.072034,1.071741,1.070570,1.077185,1.068376,1.081806,1.076557,1.071877,1.063198,1.022275,0.994608,0.991538,1.012870,1.015654,1.042913,1.072261,1.030879,1.018151,1.023134
1.890910,1.045619,1.056462,1.059191,1.048762,1.051578,1.052509,1.049353,1.048265,1.045524,1.054721,1.053330,1.045328,1.054543,1.056444,1.067195,1.073202,1.071927,1.067147,1.078273,1.015745,1.071269,1.070963,1.069764,1.076421,1.067564,1.080987,1.075761,1.071064,1.062396,1.021585,0.994092,0.991000,1.012120,1.014781,1.042184,1.071349,1.030099,1.017400,1.022907
1.899240,1.045303,1.055856,1.058545,1.048165,1.051023,1.051956,1.048820,1.047742,1.045175,1.054145,1.052762,1.044750,1.053958,1.055833,1.066498,1.072459,1.071186,1.066442,1.077474,1.014941,1.070517,1.070197,1.068972,1.075669,1.066761,1.080180,1.074977,1.070263,1.061607,1.020906,0.993584,0.990470,1.011380,1.013924,1.041467,1.070454,1.029327,1.016662,1.022689
1.907570,1.044997,1.055262,1.057911,1.047577,1.050477,1.051412,1.048295,1.047227,1.044834,1.053578,1.052203,1.044182,1.053381,1.055232,1.065811,1.071727,1.070457,1.065749,1.076689,1.014152,1.069776,1.069444,1.068192,1.074928,1.065969,1.079385,1.074205,1.069476,1.060832,1.020238,0.993086,0.989948,1.010653,1.013084,1.040760,1.069578,1.028566,1.015939,1.022478
1.915900,1.044699,1.054678,1.057288,1.046999,1.049941,1.050878,1.047779,1.046721,1.044500,1.053020,1.051652,1.043622,1.052814,1.054640,1.065136,1.071008,1.069741,1.065068,1.075916,1.013376,1.069047,1.068703,1.067427,1.074200,1.065190,1.078604,1.073445,1.068703,1.060072,1.019581,0.992596,0.989434,1.009937,1.012261,1.040065,1.068719,1.027815,1.015232,1.022276
1.924230,1.044410,1.054107,1.056677,1.046431,1.049414,1.050353,1.047273,1.046224,1.044175,1.052471,1.051112,1.043072,1.052256,1.054059,1.064471,1.070300,1.069037,1.064399,1.075157,1.012614,1.068331,1.067975,1.066675,1.073484,1.064425,1.077837,1.072700,1.067945,1.059328,1.018935,0.992116,0.988928,1.009234,1.011454,1.039381,1.067878,1.027076,1.014540,1.022081
1.932560,1.044130,1.053547,1.056078,1.045874,1.048897,1.049837,1.046776,1.045736,1.043858,1.051933,1.050581,1.042532,1.051708,1.053487,1.063819,1.069606,1.068346,1.063744,1.074413,1.011867,1.067628,1.067261,1.065938,1.072780,1.063674,1.077085,1.071969,1.067203,1.058600,1.018301,0.991646,0.988430,1.008544,1.010665,1.038710,1.067055,1.026351,1.013865,1.021895
1.940890,1.043858,1.053000,1.055492,1.045327,1.048389,1.049332,1.046288,1.045258,1.043549,1.051404,1.050060,1.042002,1.051171,1.052927,1.063178,1.068924,1.067669,1.063101,1.073682,1.011135,1.066938,1.066559,1.065214,1.072090,1.062939,1.076349,1.071253,1.066478,1.057888,1.017680,0.991186,0.987942,1.007867,1.009892,1.038050,1.066249,1.025640,1.013206,1.021716
1.949220,1.043594,1.052465,1.054919,1.044790,1.047892,1.048836,1.045810,1.044789,1.043249,1.050886,1.049549,1.041482,1.050643,1.052377,1.062550,1.068256,1.067006,1.062472,1.072966,1.010418,1.066261,1.065872,1.064506,1.071413,1.062219,1.075629,1.070552,1.065770,1.057194,1.017072,0.990735,0.987462,1.007204,1.009136,1.037403,1.065462,1.024943,1.012564,1.021545
1.957550,1.043339,1.051942,1.054359,1.044265,1.047405,1.048351,1.045343,1.044330,1.042956,1.050378,1.049049,1.040972,1.050127,1.051838,1.061935,1.067602,1.066358,1.061857,1.072265,1.009715,1.065599,1.065199,1.063812,1.070750,1.061517,1.074927,1.069868,1.065079,1.056518,1.016477,0.990295,0.986992,1.006554,1.008397,1.036769,1.064693,1.024263,1.011940,1.021381
1.965880,1.043092,1.051433,1.053813,1.043751,1.046929,1.047877,1.044886,1.043882,1.042672,1.049881,1.048559,1.040474,1.049621,1.051310,1.061332,1.066962,1.065724,1.061257,1.071579,1.009028,1.064950,1.064539,1.063133,1.070101,1.060833,1.074242,1.069200,1.064406,1.055859,1.015896,0.989864,0.986532,1.005919,1.007675,1.036147,1.063942,1.023600,1.011333,1.021225
1.974210,1.042853,1.050936,1.053280,1.043249,1.046464,1.047413,1.044439,1.043444,1.042397,1.049394,1.048080,1.039986,1.049127,1.050794,1.060743,1.066336,1.065106,1.060670,1.070909,1.008356,1.064316,1.063895,1.062470,1.069466,1.060166,1.073575,1.068550,1.063752,1.055219,1.015328,0.989445,0.986081,1.005299,1.006969,1.035538,1.063209,1.022954,1.010744,1.021077
1.982540,1.042623,1.050452,1.052760,1.042758,1.046009,1.046960,1.044002,1.043016,1.042130,1.048919,1.047612,1.039510,1.048643,1.050290,1.060167,1.065725,1.064502,1.060099,1.070254,1.007700,1.063696,1.063265,1.061822,1.068846,1.059519,1.072927,1.067917,1.063116,1.054598,1.014775,0.989035,0.985639,1.004693,1.006281,1.034943,1.062496,1.022326,1.010173,1.020936
1.990870,1.042400,1.049981,1.052254,1.042279,1.045566,1.046518,1.043577,1.042599,1.041872,1.048455,1.047155,1.039045,1.048171,1.049798,1.059604,1.065129,1.063915,1.059543,1.069615,1.007059,1.063091,1.062650,1.061190,1.068241,1.058892,1.072298,1.067301,1.062499,1.053995,1.014234,0.988637,0.985208,1.004103,1.005609,1.034361,1.061801,1.021718,1.009619,1.020802
1.999200,1.042185,1.049523,1.051763,1.041812,1.045134,1.046088,1.043162,1.042193,1.041623,1.048002,1.046710,1.038591,1.047711,1.049317,1.059056,1.064547,1.063344,1.059001,1.068992,1.006435,1.062502,1.062050,1.060574,1.067651,1.058284,1.071688,1.066704,1.061902,1.053412,1.013708,0.988249,0.984788,1.003527,1.004954,1.033793,1.061126,1.021128,1.009083,1.020676
2.007530,1.041978,1.049078,1.051285,1.041357,1.044713,1.045669,1.042759,1.041797,1.041382,1.047561,1.046276,1.038149,1.047262,1.048849,1.058522,1.063982,1.062789,1.058476,1.068385,1.005826,1.061928,1.061466,1.059975,1.067076,1.057697,1.071098,1.066126,1.061324,1.052848,1.013195,0.987871,0.984377,1.002967,1.004317,1.033238,1.060470,1.020559,1.008566,1.020557
2.015860,1.041778,1.048646,1.050821,1.040914,1.044304,1.045261,1.042367,1.041413,1.041150,1.047132,1.045854,1.037719,1.046825,1.048394,1.058002,1.063432,1.062250,1.057966,1.067795,1.005233,1.061369,1.060898,1.059392,1.066517,1.057131,1.070528,1.065566,1.060767,1.052304,1.012696,0.987505,0.983977,1.002423,1.003696,1.032698,1.059834,1.020010,1.008067,1.020445
2.024190,1.041586,1.048226,1.050371,1.040484,1.043906,1.044865,1.041986,1.041040,1.040927,1.046714,1.045443,1.037300,1.046401,1.047951,1.057497,1.062898,1.061729,1.057471,1.067222,1.004657,1.060826,1.060346,1.058827,1.065974,1.056586,1.069979,1.065026,1.060229,1.051779,1.012211,0.987149,0.983588,1.001895,1.003093,1.032172,1.059219,1.019483,1.007586,1.020340
2.032520,1.041401,1.047819,1.049935,1.040066,1.043521,1.044480,1.041616,1.040678,1.040713,1.046308,1.045045,1.036894,1.045988,1.047521,1.057007,1.062380,1.061224,1.056993,1.066665,1.004097,1.060300,1.059810,1.058279,1.065448,1.056064,1.069451,1.064505,1.059712,1.051275,1.011739,0.986805,0.983210,1.001383,1.002507,1.031661,1.058625,1.018976,1.007124,1.020242
2.040850,1.041224,1.047425,1.049514,1.039661,1.043147,1.044108,1.041258,1.040328,1.040509,1.045915,1.044658,1.036500,1.045588,1.047103,1.056531,1.061878,1.060736,1.056530,1.066126,1.003554,1.059790,1.059291,1.057748,1.064938,1.055563,1.068944,1.064004,1.059215,1.050791,1.011279,0.986471,0.982842,1.000887,1.001939,1.031166,1.058052,1.018492,1.006680,1.020152
2.049180,1.041054,1.047044,1.049107,1.039268,1.042785,1.043747,1.040912,1.039989,1.040313,1.045534,1.044284,1.036119,1.045201,1.046699,1.056071,1.061393,1.060266,1.056084,1.065604,1.003029,1.059297,1.058789,1.057236,1.064444,1.055084,1.068458,1.063523,1.058739,1.050327,1.010833,0.986149,0.982486,1.000407,1.001389,1.030685,1.057501,1.018029,1.006255,1.020068
2.057510,1.040891,1.046675,1.048714,1.038888,1.042435,1.043399,1.040578,1.039662,1.040126,1.045165,1.043922,1.035749,1.044826,1.046308,1.055627,1.060925,1.059813,1.055654,1.065100,1.002520,1.058821,1.058305,1.056742,1.063968,1.054628,1.067993,1.063062,1.058285,1.049884,1.010400,0.985838,0.982141,0.999945,1.000856,1.030220,1.056973,1.017589,1.005849,1.019991
2.065840,1.040735,1.046318,1.048335,1.038521,1.042098,1.043063,1.040256,1.039346,1.039949,1.044810,1.043572,1.035393,1.044464,1.045930,1.055198,1.060474,1.059378,1.055240,1.064614,1.002029,1.058363,1.057838,1.056267,1.063509,1.054195,1.067551,1.062621,1.057851,1.049462,1.009979,0.985538,0.981808,0.999499,1.000342,1.029772,1.056466,1.017171,1.005461,1.019920
2.074170,1.040586,1.045974,1.047970,1.038167,1.041773,1.042739,1.039945,1.039043,1.039781,1.044466,1.043236,1.035049,1.044115,1.045566,1.054785,1.060040,1.058961,1.054843,1.064146,1.001556,1.057921,1.057389,1.055811,1.063067,1.053784,1.067130,1.062201,1.057439,1.049060,1.009570,0.985250,0.981486,0.999070,0.999847,1.029339,1.055983,1.016776,1.005092,1.019857
2.082500,1.040443,1.045642,1.047620,1.037826,1.041461,1.042428,1.039647,1.038752,1.039623,1.044136,1.042912,1.034719,1.043779,1.045215,1.054388,1.059624,1.058562,1.054463,1.063696,1.001101,1.057498,1.056958,1.055374,1.062643,1.053396,1.066731,1.061801,1.057047,1.048679,1.009173,0.984973,0.981177,0.998659,0.999370,1.028923,1.055524,1.016404,1.004742,1.019800
2.090830,1.040308,1.045321,1.047283,1.037499,1.041161,1.042129,1.039362,1.038473,1.039474,1.043819,1.042600,1.034401,1.043456,1.044878,1.054007,1.059225,1.058180,1.054098,1.063264,1.000664,1.057092,1.056546,1.054956,1.062236,1.053032,1.066353,1.061422,1.056677,1.048319,1.008788,0.984708,0.980879,0.998264,0.998912,1.028523,1.055087,1.016054,1.004411,1.019750
2.099160,1.040179,1.045012,1.046961,1.037184,1.040874,1.041843,1.039088,1.038206,1.039334,1.043514,1.042302,1.034096,1.043146,1.044554,1.053642,1.058844,1.057817,1.053751,1.062851,1.000245,1.056705,1.056152,1.054558,1.061848,1.052689,1.065998,1.061063,1.056329,1.047979,1.008414,0.984454,0.980593,0.997888,0.998474,1.028141,1.054675,1.015727,1.004098,1.019706
2.107490,1.040056,1.044715,1.046652,1.036883,1.040599,1.041570,1.038827,1.037951,1.039204,1.043223,1.042016,1.033805,1.042850,1.044245,1.053293,1.058480,1.057471,1.053419,1.062457,0.999844,1.056335,1.055776,1.054180,1.061477,1.052370,1.065664,1.060725,1.056001,1.047659,1.008052,0.984212,0.980320,0.997528,0.998054,1.027775,1.054287,1.015422,1.003803,1.019669
2.115820,1.039940,1.044429,1.046357,1.036594,1.040337,1.041309,1.038579,1.037708,1.039083,1.042945,1.041744,1.033526,1.042567,1.043949,1.052960,1.058135,1.057144,1.053104,1.062081,0.999462,1.055984,1.055420,1.053821,1.061124,1.052073,1.065352,1.060406,1.055694,1.047360,1.007700,0.983982,0.980059,0.997186,0.997655,1.027427,1.053923,1.015140,1.003527,1.019638
2.124150,1.039830,1.044154,1.046076,1.036319,1.040088,1.041060,1.038342,1.037478,1.038971,1.042680,1.041484,1.033261,1.042297,1.043667,1.052644,1.057806,1.056834,1.052805,1.061725,0.999099,1.055650,1.055082,1.053483,1.060789,1.051797,1.065061,1.060108,1.055407,1.047081,1.007358,0.983762,0.979809,0.996862,0.997275,1.027095,1.053583,1.014879,1.003268,1.019613
2.132480,1.039726,1.043890,1.045808,1.036057,1.039851,1.040825,1.038118,1.037260,1.038868,1.042427,1.041237,1.033009,1.042040,1.043398,1.052344,1.057496,1.056542,1.052523,1.061386,0.998755,1.055335,1.054763,1.053164,1.060472,1.051544,1.064791,1.059830,1.055141,1.046822,1.007027,0.983555,0.979572,0.996554,0.996915,1.026782,1.053268,1.014640,1.003028,1.019595
2.140810,1.039628,1.043637,1.045553,1.035807,1.039626,1.040601,1.037906,1.037053,1.038774,1.042188,1.041003,1.032769,1.041796,1.043143,1.052060,1.057203,1.056267,1.052256,1.061067,0.998429,1.055038,1.054462,1.052865,1.060173,1.051311,1.064541,1.059571,1.054895,1.046582,1.006705,0.983358,0.979348,0.996265,0.996575,1.026485,1.052977,1.014421,1.002804,1.019582
2.149140,1.039535,1.043394,1.045311,1.035570,1.039414,1.040390,1.037706,1.036858,1.038690,1.041961,1.040781,1.032542,1.041565,1.042901,1.051791,1.056927,1.056009,1.052004,1.060766,0.998122,1.054758,1.054180,1.052585,1.059891,1.051099,1.064312,1.059332,1.054668,1.046361,1.006393,0.983173,0.979135,0.995992,0.996254,1.026205,1.052710,1.014223,1.002598,1.019575
2.157470,1.039447,1.043160,1.045081,1.035346,1.039213,1.040190,1.037517,1.036675,1.038614,1.041747,1.040572,1.032328,1.041347,1.042673,1.051539,1.056668,1.055768,1.051768,1.060484,0.997833,1.054497,1.053917,1.052325,1.059627,1.050908,1.064102,1.059111,1.054461,1.046159,1.006089,0.982998,0.978933,0.995737,0.995954,1.025943,1.052467,1.014045,1.002408,1.019574
2.165800,1.039364,1.042936,1.044864,1.035133,1.039025,1.040003,1.037340,1.036504,1.038546,1.041545,1.040375,1.032126,1.041141,1.042457,1.051302,1.056426,1.055544,1.051546,1.060219,0.997563,1.054253,1.053672,1.052085,1.059380,1.050735,1.063911,1.058908,1.054272,1.045974,1.005795,0.982835,0.978744,0.995498,0.995673,1.025698,1.052247,1.013886,1.002234,1.019577
2.174130,1.039287,1.042722,1.044658,1.034933,1.038848,1.039827,1.037175,1.036343,1.038487,1.041356,1.040190,1.031936,1.040948,1.042254,1.051079,1.056200,1.055335,1.051339,1.059973,0.997311,1.054026,1.053445,1.051863,1.059150,1.050582,1.063739,1.058723,1.054101,1.045807,1.005509,0.982682,0.978565,0.995276,0.995413,1.025469,1.052051,1.013746,1.002076,1.019587
2.182460,1.039213,1.042516,1.044464,1.034744,1.038682,1.039662,1.037020,1.036193,1.038435,1.041178,1.040016,1.031758,1.040766,1.042063,1.050872,1.055991,1.055143,1.051146,1.059744,0.997077,1.053816,1.053235,1.051660,1.058936,1.050447,1.063585,1.058556,1.053947,1.045657,1.005230,0.982539,0.978398,0.995071,0.995171,1.025257,1.051878,1.013625,1.001933,1.019601
2.190790,1.039144,1.042319,1.044281,1.034567,1.038527,1.039508,1.036876,1.036054,1.038392,1.041011,1.039853,1.031591,1.040597,1.041884,1.050679,1.055798,1.054965,1.050967,1.059533,0.996861,1.053622,1.053043,1.051475,1.058739,1.050330,1.063449,1.058405,1.053811,1.045524,1.004960,0.982406,0.978242,0.994881,0.994950,1.025062,1.051728,1.013520,1.001805,1.019619
2.199120,1.039079,1.042130,1.044109,1.034400,1.038383,1.039365,1.036743,1.035925,1.038355,1.040856,1.039702,1.031436,1.040438,1.041717,1.050501,1.055620,1.054803,1.050801,1.059339,0.996663,1.053445,1.052868,1.051309,1.058557,1.050230,1.063329,1.058270,1.053690,1.045406,1.004696,0.982283,0.978096,0.994707,0.994747,1.024882,1.051599,1.013432,1.001690,1.019643
2.207450,1.039017,1.041948,1.043947,1.034244,1.038249,1.039232,1.036619,1.035806,1.038326,1.040711,1.039561,1.031291,1.040290,1.041562,1.050336,1.055457,1.054655,1.050647,1.059161,0.996482,1.053283,1.052710,1.051159,1.058391,1.050146,1.063225,1.058150,1.053586,1.045303,1.004440,0.982169,0.977960,0.994549,0.994563,1.024718,1.051492,1.013360,1.001590,1.019670
2.215780,1.038958,1.041774,1.043794,1.034098,1.038125,1.039109,1.036505,1.035697,1.038303,1.040577,1.039430,1.031156,1.040153,1.041417,1.050184,1.055308,1.054520,1.050506,1.059000,0.996317,1.053137,1.052567,1.051027,1.058239,1.050077,1.063137,1.058046,1.053496,1.045215,1.004189,0.982064,0.977834,0.994405,0.994398,1.024570,1.051406,1.013303,1.001502,1.019701
2.224110,1.038902,1.041606,1.043651,1.033962,1.038010,1.038995,1.036401,1.035596,1.038287,1.040452,1.039309,1.031032,1.040026,1.041282,1.050045,1.055174,1.054399,1.050377,1.058854,0.996169,1.053005,1.052440,1.050911,1.058102,1.050023,1.063063,1.057955,1.053420,1.045141,1.003945,0.981968,0.977717,0.994276,0.994251,1.024436,1.051340,1.013261,1.001427,1.019736
2.232440,1.038849,1.041445,1.043517,1.033836,1.037904,1.038890,1.036305,1.035504,1.038277,1.040337,1.039197,1.030917,1.039908,1.041158,1.049918,1.055052,1.054290,1.050258,1.058724,0.996037,1.052888,1.052329,1.050811,1.057979,1.049983,1.063003,1.057878,1.053359,1.045080,1.003707,0.981879,0.977609,0.994161,0.994121,1.024317,1.051293,1.013232,1.001364,1.019775
2.240770,1.038798,1.041289,1.043391,1.033718,1.037807,1.038793,1.036217,1.035420,1.038272,1.040231,1.039094,1.030811,1.039799,1.041043,1.049802,1.054944,1.054193,1.050150,1.058608,0.995920,1.052784,1.052231,1.050726,1.057869,1.049956,1.062957,1.057814,1.053310,1.045032,1.003474,0.981799,0.977510,0.994059,0.994008,1.024212,1.051265,1.013216,1.001312,1.019816
2.249100,1.038749,1.041139,1.043272,1.033608,1.037718,1.038705,1.036137,1.035344,1.038273,1.040134,1.038999,1.030713,1.039699,1.040937,1.049698,1.054848,1.054107,1.050052,1.058506,0.995818,1.052693,1.052148,1.050656,1.057772,1.049941,1.062922,1.057762,1.053273,1.044995,1.003246,0.981726,0.977419,0.993969,0.993912,1.024120,1.051255,1.013212,1.001271,1.019860
2.257430,1.038701,1.040994,1.043161,1.033506,1.037636,1.038624,1.036064,1.035275,1.038278,1.040044,1.038913,1.030623,1.039607,1.040839,1.049604,1.054763,1.054032,1.049964,1.058417,0.995729,1.052614,1.052078,1.050599,1.057687,1.049938,1.062899,1.057720,1.053248,1.044970,1.003022,0.981659,0.977335,0.993892,0.993832,1.024041,1.051262,1.013219,1.001241,1.019907
2.265760,1.038654,1.040853,1.043056,1.033411,1.037561,1.038550,1.035998,1.035212,1.038287,1.039962,1.038833,1.030541,1.039523,1.040750,1.049521,1.054690,1.053967,1.049884,1.058341,0.995655,1.052548,1.052021,1.050556,1.057613,1.049946,1.062888,1.057690,1.053233,1.044955,1.002803,0.981599,0.977258,0.993827,0.993767,1.023975,1.051286,1.013237,1.001220,1.019956
2.274090,1.038608,1.040716,1.042957,1.033324,1.037492,1.038482,1.035938,1.035156,1.038300,1.039887,1.038760,1.030466,1.039446,1.040667,1.049446,1.054626,1.053912,1.049812,1.058276,0.995593,1.052492,1.051975,1.050525,1.057549,1.049963,1.062886,1.057669,1.053229,1.044950,1.002588,0.981545,0.977188,0.993772,0.993716,1.023920,1.051324,1.013265,1.001208,1.020007
2.282420,1.038562,1.040583,1.042864,1.033242,1.037429,1.038420,1.035883,1.035105,1.038317,1.039818,1.038693,1.030396,1.039375,1.040592,1.049380,1.054572,1.053864,1.049747,1.058223,0.995543,1.052447,1.051941,1.050506,1.057496,1.049990,1.062893,1.057657,1.053234,1.044954,1.002377,0.981496,0.977124,0.993727,0.993679,1.023876,1.051377,1.013301,1.001205,1.020059
2.290750,1.038516,1.040453,1.042776,1.033166,1.037372,1.038364,1.035834,1.035059,1.038336,1.039755,1.038632,1.030333,1.039310,1.040522,1.049322,1.054527,1.053825,1.049689,1.058181,0.995505,1.052411,1.051917,1.050498,1.057452,1.050024,1.062908,1.057653,1.053247,1.044966,1.002169,0.981451,0.977065,0.993691,0.993655,1.023842,1.051444,1.013345,1.001208,1.020113
2.299080,1.038469,1.040326,1.042691,1.033095,1.037319,1.038312,1.035789,1.035017,1.038358,1.039696,1.038575,1.030274,1.039250,1.040458,1.049271,1.054490,1.053792,1.049637,1.058147,0.995476,1.052383,1.051902,1.050499,1.057416,1.050065,1.062930,1.057656,1.053266,1.044983,1.001964,0.981411,0.977011,0.993664,0.993642,1.023817,1.051522,1.013396,1.001217,1.020168
2.307410,1.038422,1.040200,1.042610,1.033027,1.037270,1.038263,1.035748,1.034979,1.038381,1.039642,1.038523,1.030220,1.039194,1.040398,1.049226,1.054459,1.053765,1.049589,1.058122,0.995457,1.052363,1.051895,1.050508,1.057387,1.050111,1.062956,1.057663,1.053288,1.045004,1.001762,0.981373,0.976961,0.993645,0.993641,1.023801,1.051611,1.013452,1.001228,1.020223
2.315740,1.038374,1.040076,1.042532,1.032964,1.037223,1.038218,1.035710,1.034943,1.038406,1.039591,1.038474,1.030169,1.039142,1.040342,1.049185,1.054433,1.053741,1.049545,1.058103,0.995446,1.052349,1.051895,1.050525,1.057363,1.050159,1.062985,1.057673,1.053313,1.045026,1.001562,0.981339,0.976914,0.993631,0.993649,1.023791,1.051709,1.013510,1.001238,1.020279
2.324070,1.038323,1.039951,1.042454,1.032902,1.037179,1.038175,1.035673,1.034910,1.038431,1.039543,1.038427,1.030120,1.039092,1.040288,1.049148,1.054412,1.053721,1.049502,1.058091,0.995442,1.052339,1.051901,1.050548,1.057344,1.050209,1.063014,1.057685,1.053335,1.045046,1.001363,0.981306,0.976870,0.993623,0.993666,1.023788,1.051814,1.013571,1.001246,1.020334
2.332400,1.038270,1.039826,1.042377,1.032841,1.037136,1.038132,1.035637,1.034877,1.038456,1.039495,1.038381,1.030073,1.039043,1.040236,1.049113,1.054393,1.053701,1.049461,1.058082,0.995444,1.052333,1.051910,1.050575,1.057329,1.050258,1.063042,1.057696,1.053354,1.045061,1.001163,0.981273,0.976827,0.993618,0.993689,1.023789,1.051926,1.013631,1.001248,1.020390
2.340730,1.038214,1.039698,1.042298,1.032780,1.037092,1.038089,1.035601,1.034843,1.038481,1.039448,1.038335,1.030025,1.038994,1.040184,1.049079,1.054375,1.053681,1.049418,1.058077,0.995449,1.052329,1.051923,1.050604,1.057314,1.050304,1.063065,1.057705,1.053367,1.045068,1.000962,0.981240,0.976784,0.993617,0.993718,1.023792,1.052043,1.013689,1.001241,1.020444
2.349060,1.038154,1.039567,1.042216,1.032719,1.037047,1.038046,1.035564,1.034809,1.038503,1.039400,1.038288,1.029976,1.038944,1.040131,1.049045,1.054357,1.053659,1.049373,1.058073,0.995457,1.052325,1.051936,1.050635,1.057300,1.050345,1.063083,1.057710,1.053372,1.045067,1.000758,0.981206,0.976740,0.993616,0.993751,1.023798,1.052162,1.013744,1.001223,1.020497
2.357390,1.038090,1.039431,1.042131,1.032655,1.037001,1.038000,1.035524,1.034772,1.038524,1.039350,1.038238,1.029926,1.038893,1.040076,1.049008,1.054337,1.053633,1.049325,1.058069,0.995467,1.052319,1.051949,1.050666,1.057285,1.050380,1.063094,1.057709,1.053367,1.045055,1.000550,0.981170,0.976695,0.993616,0.993786,1.023804,1.052282,1.013794,1.001194,1.020548
2.365720,1.038020,1.039289,1.042040,1.032588,1.036951,1.037950,1.035482,1.034733,1.038542,1.039296,1.038186,1.029872,1.038838,1.040017,1.048969,1.054314,1.053603,1.049272,1.058063,0.995476,1.052312,1.051960,1.050695,1.057267,1.050409,1.063096,1.057701,1.053350,1.045031,1.000336,0.981131,0.976647,0.993614,0.993823,1.023808,1.052401,1.013838,1.001151,1.020597
2.374050,1.037945,1.039140,1.041945,1.032516,1.036897,1.037897,1.035436,1.034689,1.038556,1.039239,1.038130,1.029815,1.038779,1.039955,1.048926,1.054288,1.053568,1.049214,1.058056,0.995485,1.052301,1.051968,1.050721,1.057245,1.050429,1.063089,1.057686,1.053322,1.044994,1.000116,0.981088,0.976596,0.993610,0.993860,1.023811,1.052519,1.013875,1.001095,1.020644
2.382380,1.037864,1.038985,1.041842,1.032440,1.036838,1.037840,1.035385,1.034641,1.038567,1.039178,1.038070,1.029752,1.038716,1.039888,1.048878,1.054256,1.053526,1.049149,1.058044,0.995491,1.052285,1.051973,1.050743,1.057219,1.050440,1.063072,1.057662,1.053281,1.044944,0.999888,0.981040,0.976540,0.993603,0.993895,1.023810,1.052633,1.013905,1.001023,1.020688
2.390710,1.037777,1.038821,1.041732,1.032359,1.036774,1.037776,1.035328,1.034588,1.038574,1.039111,1.038004,1.029685,1.038647,1.039816,1.048824,1.054218,1.053477,1.049076,1.058028,0.995494,1.052264,1.051972,1.050760,1.057187,1.050442,1.063043,1.057628,1.053227,1.044879,0.999652,0.980987,0.976480,0.993592,0.993927,1.023805,1.052742,1.013926,1.000937,1.020730
2.399040,1.037684,1.038648,1.041614,1.032271,1.036704,1.037707,1.035266,1.034529,1.038576,1.039038,1.037931,1.029611,1.038572,1.039737,1.048763,1.054173,1.053419,1.048996,1.058007,0.995492,1.052236,1.051965,1.050770,1.057148,1.050433,1.063003,1.057584,1.053158,1.044800,0.999407,0.980928,0.976415,0.993576,0.993956,1.023795,1.052845,1.013937,1.000835,1.020769
2.407370,1.037584,1.038467,1.041488,1.032177,1.036627,1.037631,1.035198,1.034463,1.038573,1.038958,1.037853,1.029531,1.038491,1.039651,1.048695,1.054120,1.053353,1.048906,1.057978,0.995485,1.052201,1.051951,1.050774,1.057102,1.050413,1.062950,1.057529,1.053075,1.044706,0.999153,0.980862,0.976344,0.993554,0.993980,1.023778,1.052942,1.013939,1.000717,1.020804
2.415700,1.037478,1.038276,1.041353,1.032075,1.036543,1.037549,1.035123,1.034391,1.038565,1.038871,1.037767,1.029443,1.038402,1.039558,1.048619,1.054059,1.053277,1.048807,1.057943,0.995471,1.052158,1.051928,1.050769,1.057048,1.050381,1.062885,1.057462,1.052978,1.044597,0.998889,0.980790,0.976266,0.993525,0.993998,1.023755,1.053029,1.013931,1.000585,1.020837
2.424030,1.037366,1.038076,1.041208,1.031965,1.036452,1.037458,1.035040,1.034312,1.038552,1.038777,1.037674,1.029348,1.038306,1.039457,1.048535,1.053989,1.053191,1.048699,1.057898,0.995451,1.052105,1.051897,1.050755,1.056985,1.050338,1.062807,1.057384,1.052866,1.044472,0.998615,0.980711,0.976182,0.993488,0.994008,1.023723,1.053107,1.013912,1.000437,1.020866
2.432360,1.037247,1.037865,1.041054,1.031847,1.036353,1.037360,1.034950,1.034225,1.038533,1.038675,1.037573,1.029245,1.038201,1.039347,1.048441,1.053910,1.053094,1.048580,1.057845,0.995422,1.052043,1.051857,1.050731,1.056912,1.050283,1.062715,1.057293,1.052740,1.044333,0.998331,0.980624,0.976090,0.993443,0.994011,1.023682,1.053175,1.013882,1.000273,1.020893
2.440690,1.037122,1.037645,1.040890,1.031721,1.036246,1.037254,1.034852,1.034131,1.038509,1.038564,1.037463,1.029134,1.038089,1.039229,1.048337,1.053820,1.052987,1.048451,1.057782,0.995384,1.051971,1.051806,1.050697,1.056829,1.050215,1.062610,1.057190,1.052598,1.044179,0.998036,0.980529,0.975991,0.993390,0.994005,1.023632,1.053231,1.013841,1.000095,1.020916
2.449020,1.036991,1.037415,1.040717,1.031587,1.036131,1.037140,1.034746,1.034028,1.038480,1.038445,1.037345,1.029014,1.037967,1.039102,1.048224,1.053719,1.052868,1.048312,1.057709,0.995336,1.051887,1.051745,1.050652,1.056736,1.050135,1.062492,1.057074,1.052442,1.044009,0.997731,0.980426,0.975884,0.993327,0.993989,1.023572,1.053274,1.013788,0.999901,1.020936
2.457350,1.036854,1.037176,1.040533,1.031443,1.036007,1.037017,1.034632,1.033918,1.038445,1.038317,1.037219,1.028885,1.037837,1.038966,1.048100,1.053608,1.052738,1.048161,1.057625,0.995278,1.051793,1.051672,1.050595,1.056632,1.050042,1.062359,1.056946,1.052271,1.043824,0.997416,0.980315,0.975769,0.993254,0.993963,1.023502,1.053305,1.013724,0.999693,1.020954
2.465680,1.036712,1.036926,1.040339,1.031291,1.035875,1.036886,1.034509,1.033799,1.038405,1.038181,1.037084,1.028748,1.037698,1.038821,1.047965,1.053485,1.052596,1.047999,1.057530,0.995210,1.051687,1.051587,1.050525,1.056516,1.049936,1.062213,1.056804,1.052085,1.043625,0.997090,0.980195,0.975646,0.993170,0.993925,1.023420,1.053322,1.013648,0.999470,1.020969
2.474010,1.036565,1.036667,1.040135,1.031129,1.035734,1.036745,1.034378,1.033673,1.038359,1.038035,1.036940,1.028601,1.037549,1.038666,1.047819,1.053350,1.052442,1.047826,1.057422,0.995130,1.051569,1.051490,1.050443,1.056388,1.049816,1.062053,1.056649,1.051885,1.043411,0.996755,0.980067,0.975514,0.993075,0.993875,1.023327,1.053324,1.013560,0.999233,1.020981
2.482340,1.036413,1.036399,1.039921,1.030959,1.035584,1.036597,1.034239,1.033538,1.038309,1.037880,1.036786,1.028446,1.037392,1.038501,1.047663,1.053203,1.052276,1.047642,1.057302,0.995038,1.051438,1.051380,1.050347,1.056249,1.049684,1.061878,1.056481,1.051670,1.043182,0.996409,0.979930,0.975374,0.992970,0.993813,1.023221,1.053311,1.013459,0.998982,1.020991
2.490670,1.036257,1.036122,1.039697,1.030779,1.035426,1.036439,1.034091,1.033394,1.038253,1.037717,1.036624,1.028281,1.037225,1.038327,1.047495,1.053044,1.052098,1.047446,1.057170,0.994933,1.051295,1.051257,1.050238,1.056097,1.049539,1.061690,1.056299,1.051441,1.042938,0.996055,0.979785,0.975225,0.992852,0.993737,1.023104,1.053282,1.013347,0.998716,1.020999
2.499000,1.036097,1.035837,1.039464,1.030591,1.035259,1.036273,1.033935,1.033243,1.038192,1.037544,1.036453,1.028107,1.037049,1.038144,1.047315,1.052873,1.051908,1.047239,1.057024,0.994816,1.051139,1.051120,1.050115,1.055933,1.049381,1.061488,1.056105,1.051197,1.042681,0.995691,0.979631,0.975067,0.992722,0.993647,1.022973,1.053237,1.013222,0.998437,1.021005
2.507330,1.035933,1.035543,1.039221,1.030393,1.035084,1.036098,1.033771,1.033084,1.038127,1.037362,1.036273,1.027924,1.036864,1.037950,1.047125,1.052690,1.051705,1.047021,1.056866,0.994686,1.050970,1.050970,1.049978,1.055756,1.049209,1.061273,1.055897,1.050939,1.042409,0.995319,0.979468,0.974901,0.992580,0.993544,1.022829,1.053175,1.013085,0.998144,1.021009
2.515660,1.035767,1.035242,1.038970,1.030187,1.034900,1.035915,1.033599,1.032917,1.038058,1.037171,1.036085,1.027732,1.036669,1.037748,1.046923,1.052493,1.051491,1.046792,1.056693,0.994542,1.050788,1.050806,1.049827,1.055567,1.049024,1.061043,1.055676,1.050667,1.042123,0.994939,0.979297,0.974727,0.992426,0.993425,1.022673,1.053097,1.012936,0.997838,1.021012
2.523990,1.035599,1.034934,1.038709,1.029972,1.034708,1.035723,1.033419,1.032742,1.037985,1.036971,1.035887,1.027532,1.036466,1.037536,1.046709,1.052285,1.051264,1.046553,1.056507,0.994384,1.050593,1.050629,1.049661,1.055365,1.048827,1.060800,1.055442,1.050381,1.041823,0.994552,0.979118,0.974544,0.992259,0.993292,1.022503,1.053001,1.012774,0.997518,1.021014
2.532320,1.035428,1.034618,1.038440,1.029749,1.034508,1.035524,1.033232,1.032560,1.037908,1.036763,1.035682,1.027323,1.036254,1.037315,1.046484,1.052064,1.051026,1.046302,1.056307,0.994213,1.050384,1.050437,1.049480,1.055150,1.048616,1.060544,1.055195,1.050082,1.041510,0.994157,0.978931,0.974353,0.992079,0.993143,1.022319,1.052888,1.012600,0.997186,1.021015
2.540650,1.035257,1.034297,1.038162,1.029518,1.034300,1.035317,1.033037,1.032371,1.037828,1.036547,1.035468,1.027106,1.036034,1.037085,1.046248,1.051831,1.050776,1.046042,1.056094,0.994027,1.050163,1.050231,1.049286,1.054923,1.048393,1.060274,1.054936,1.049769,1.041183,0.993756,0.978736,0.974154,0.991886,0.992978,1.022123,1.052757,1.012415,0.996841,1.021016
2.548980,1.035085,1.033970,1.037877,1.029279,1.034085,1.035102,1.032835,1.032176,1.037744,1.036322,1.035246,1.026880,1.035805,1.036847,1.046001,1.051585,1.050514,1.045771,1.055866,0.993827,1.049928,1.050012,1.049076,1.054683,1.048157,1.059992,1.054664,1.049443,1.040843,0.993349,0.978534,0.973947,0.991680,0.992798,1.021913,1.052609,1.012217,0.996483,1.021016
2.557310,1.034913,1.033638,1.037584,1.029032,1.033863,1.034881,1.032627,1.031973,1.037658,1.036090,1.035017,1.026647,1.035569,1.036600,1.045743,1.051327,1.050242,1.045491,1.055625,0.993613,1.049680,1.049779,1.048852,1.054431,1.047908,1.059697,1.054380,1.049103,1.040491,0.992937,0.978324,0.973733,0.991461,0.992601,1.021689,1.052443,1.012007,0.996114,1.021017
2.565640,1.034741,1.033302,1.037284,1.028778,1.033634,1.034652,1.032412,1.031765,1.037570,1.035850,1.034781,1.026407,1.035325,1.036345,1.045475,1.051058,1.049958,1.045201,1.055370,0.993384,1.049419,1.049531,1.048613,1.054166,1.047648,1.059389,1.054083,1.048751,1.040125,0.992520,0.978107,0.973512,0.991229,0.992388,1.021452,1.052258,1.011785,0.995732,1.021019
2.573970,1.034570,1.032961,1.036978,1.028518,1.033399,1.034417,1.032191,1.031551,1.037480,1.035603,1.034538,1.026159,1.035073,1.036082,1.045196,1.050776,1.049663,1.044901,1.055101,0.993141,1.049146,1.049271,1.048361,1.053890,1.047375,1.059068,1.053776,1.048387,1.039747,0.992099,0.977883,0.973284,0.990985,0.992159,1.021202,1.052057,1.011552,0.995338,1.021021
2.582300,1.034401,1.032617,1.036666,1.028250,1.033157,1.034176,1.031965,1.031331,1.037388,1.035349,1.034288,1.025904,1.034815,1.035812,1.044907,1.050484,1.049358,1.044593,1.054818,0.992884,1.048861,1.048996,1.048094,1.053601,1.047090,1.058736,1.053456,1.048010,1.039357,0.991674,0.977653,0.973049,0.990727,0.991914,1.020939,1.051837,1.011307,0.994932,1.021024
2.590630,1.034234,1.032270,1.036348,1.027977,1.032910,1.033929,1.031733,1.031107,1.037295,1.035089,1.034032,1.025644,1.034550,1.035535,1.044608,1.050180,1.049043,1.044277,1.054522,0.992612,1.048563,1.048709,1.047813,1.053301,1.046793,1.058392,1.053126,1.047620,1.038954,0.991246,0.977417,0.972808,0.990456,0.991653,1.020663,1.051600,1.011051,0.994514,1.021029
2.598960,1.034069,1.031921,1.036024,1.027698,1.032658,1.033677,1.031496,1.030878,1.037202,1.034823,1.033770,1.025377,1.034279,1.035251,1.044299,1.049865,1.048718,1.043952,1.054212,0.992327,1.048253,1.048408,1.047518,1.052989,1.046485,1.058036,1.052784,1.047219,1.038540,0.990816,0.977175,0.972562,0.990173,0.991375,1.020375,1.051345,1.010783,0.994086,1.021035
2.607290,1.033908,1.031570,1.035696,1.027413,1.032400,1.033420,1.031255,1.030644,1.037107,1.034551,1.033503,1.025104,1.034001,1.034961,1.043982,1.049539,1.048383,1.043620,1.053889,0.992027,1.047931,1.048095,1.047210,1.052667,1.046165,1.057669,1.052432,1.046806,1.038114,0.990383,0.976928,0.972309,0.989877,0.991082,1.020074,1.051073,1.010505,0.993646,1.021043
2.615620,1.033749,1.031217,1.035363,1.027123,1.032138,1.033158,1.031010,1.030406,1.037013,1.034274,1.033230,1.024826,1.033719,1.034664,1.043655,1.049203,1.048039,1.043280,1.053554,0.991713,1.047598,1.047769,1.046888,1.052333,1.045834,1.057291,1.052070,1.046382,1.037676,0.989950,0.976676,0.972052,0.989569,0.990772,1.019761,1.050785,1.010216,0.993194,1.021054
2.623950,1.033595,1.030864,1.035026,1.026829,1.031872,1.032892,1.030760,1.030165,1.036918,1.033992,1.032953,1.024543,1.033431,1.034363,1.043320,1.048857,1.047687,1.042933,1.053205,0.991386,1.047254,1.047431,1.046554,1.051990,1.045493,1.056903,1.051698,1.045946,1.037227,0.989515,0.976419,0.971790,0.989249,0.990447,1.019435,1.050479,1.009916,0.992732,1.021067
2.632280,1.033445,1.030510,1.034685,1.026530,1.031602,1.032622,1.030508,1.029921,1.036824,1.033705,1.032671,1.024256,1.033138,1.034055,1.042976,1.048501,1.047326,1.042580,1.052845,0.991046,1.046899,1.047081,1.046207,1.051635,1.045141,1.056504,1.051316,1.045500,1.036768,0.989079,0.976158,0.971523,0.988917,0.990106,1.019099,1.050157,1.009606,0.992260,1.021082
2.640610,1.033299,1.030156,1.034342,1.026227,1.031328,1.032348,1.030252,1.029674,1.036731,1.033414,1.032386,1.023964,1.032841,1.033743,1.042625,1.048136,1.046956,1.042220,1.052472,0.990692,1.046534,1.046720,1.045848,1.051272,1.044778,1.056094,1.050925,1.045042,1.036297,0.988644,0.975893,0.971253,0.988573,0.989750,1.018751,1.049819,1.009285,0.991776,1.021101
2.648940,1.033158,1.029802,1.033995,1.025921,1.031052,1.032071,1.029993,1.029424,1.036639,1.033119,1.032097,1.023669,1.032540,1.033426,1.042266,1.047762,1.046579,1.041854,1.052088,0.990326,1.046158,1.046347,1.045477,1.050898,1.044405,1.055675,1.050525,1.044575,1.035816,0.988208,0.975625,0.970978,0.988218,0.989379,1.018392,1.049466,1.008955,0.991282,1.021122
2.657270,1.033022,1.029449,1.033645,1.025611,1.030772,1.031792,1.029732,1.029172,1.036548,1.032821,1.031804,1.023370,1.032235,1.033105,1.041900,1.047379,1.046195,1.041483,1.051692,0.989947,1.045773,1.045964,1.045094,1.050516,1.044023,1.055247,1.050116,1.044097,1.035324,0.987773,0.975353,0.970700,0.987852,0.988994,1.018022,1.049097,1.008615,0.990779,1.021147
2.665600,1.032891,1.029097,1.033294,1.025298,1.030490,1.031510,1.029469,1.028919,1.036458,1.032519,1.031509,1.023068,1.031927,1.032780,1.041527,1.046988,1.045804,1.041107,1.051285,0.989556,1.045379,1.045570,1.044700,1.050125,1.043632,1.054810,1.049700,1.043610,1.034824,0.987339,0.975079,0.970420,0.987475,0.988594,1.017642,1.048713,1.008266,0.990266,1.021175
2.673930,1.032766,1.028747,1.032941,1.024983,1.030206,1.031225,1.029204,1.028663,1.036370,1.032215,1.031211,1.022763,1.031616,1.032452,1.041148,1.046589,1.045406,1.040726,1.050868,0.989154,1.044976,1.045166,1.044296,1.049726,1.043232,1.054365,1.049276,1.043114,1.034315,0.986906,0.974802,0.970136,0.987088,0.988180,1.017253,1.048315,1.007908,0.989745,1.021206
2.682260,1.032646,1.028398,1.032586,1.024666,1.029920,1.030939,1.028938,1.028407,1.036284,1.031908,1.030911,1.022456,1.031302,1.032121,1.040763,1.046184,1.045003,1.040341,1.050441,0.988740,1.044565,1.044753,1.043882,1.049319,1.042824,1.053913,1.048846,1.042611,1.033799,0.986475,0.974523,0.969850,0.986692,0.987753,1.016855,1.047903,1.007543,0.989217,1.021241
2.690590,1.032532,1.028051,1.032231,1.024347,1.029633,1.030652,1.028671,1.028150,1.036200,1.031599,1.030609,1.022147,1.030987,1.031787,1.040373,1.045771,1.044594,1.039953,1.050004,0.988316,1.044146,1.044332,1.043459,1.048905,1.042409,1.053454,1.048410,1.042102,1.033276,0.986045,0.974242,0.969563,0.986285,0.987313,1.016447,1.047479,1.007170,0.988683,1.021279
2.698920,1.032425,1.027707,1.031875,1.024027,1.029346,1.030364,1.028404,1.027892,1.036119,1.031289,1.030306,1.021836,1.030669,1.031451,1.039979,1.045353,1.044181,1.039561,1.049559,0.987882,1.043721,1.043902,1.043027,1.048485,1.041988,1.052990,1.047969,1.041588,1.032748,0.985618,0.973960,0.969274,0.985871,0.986862,1.016032,1.047042,1.006790,0.988144,1.021321
2.707250,1.032323,1.027365,1.031518,1.023706,1.029057,1.030075,1.028136,1.027635,1.036040,1.030978,1.030002,1.021524,1.030351,1.031114,1.039580,1.044930,1.043764,1.039168,1.049105,0.987438,1.043289,1.043465,1.042587,1.048059,1.041562,1.052521,1.047523,1.041069,1.032217,0.985192,0.973677,0.968984,0.985447,0.986398,1.015610,1.046593,1.006404,0.987602,1.021367
2.715580,1.032227,1.027026,1.031163,1.023384,1.028769,1.029786,1.027868,1.027378,1.035963,1.030666,1.029697,1.021212,1.030031,1.030775,1.039178,1.044502,1.043344,1.038772,1.048644,0.986985,1.042851,1.043022,1.042139,1.047628,1.041130,1.052049,1.047074,1.040547,1.031682,0.984769,0.973394,0.968693,0.985016,0.985924,1.015181,1.046134,1.006014,0.987058,1.021416
2.723910,1.032137,1.026689,1.030807,1.023062,1.028480,1.029498,1.027601,1.027121,1.035889,1.030354,1.029393,1.020899,1.029711,1.030435,1.038773,1.044070,1.042921,1.038375,1.048176,0.986525,1.042409,1.042572,1.041685,1.047193,1.040695,1.051575,1.046623,1.040023,1.031146,0.984348,0.973110,0.968402,0.984578,0.985440,1.014745,1.045664,1.005619,0.986513,1.021469
2.732240,1.032054,1.026356,1.030453,1.022740,1.028192,1.029209,1.027334,1.026865,1.035818,1.030041,1.029088,1.020587,1.029391,1.030095,1.038365,1.043634,1.042496,1.037976,1.047702,0.986056,1.041962,1.042117,1.041225,1.046754,1.040257,1.051098,1.046169,1.039498,1.030610,0.983930,0.972827,0.968110,0.984134,0.984947,1.014304,1.045186,1.005220,0.985968,1.021526
2.740570,1.031976,1.026026,1.030100,1.022419,1.027905,1.028922,1.027069,1.026611,1.035750,1.029729,1.028784,1.020275,1.029072,1.029755,1.037956,1.043195,1.042069,1.037578,1.047222,0.985581,1.041512,1.041658,1.040760,1.046311,1.039817,1.050620,1.045715,1.038974,1.030074,0.983514,0.972543,0.967819,0.983683,0.984444,1.013859,1.044698,1.004818,0.985424,1.021587
2.748900,1.031904,1.025700,1.029749,1.022099,1.027619,1.028635,1.026805,1.026357,1.035685,1.029418,1.028481,1.019963,1.028752,1.029416,1.037545,1.042755,1.041642,1.037179,1.046737,0.985100,1.041058,1.041194,1.040290,1.045866,1.039375,1.050143,1.045260,1.038450,1.029539,0.983101,0.972261,0.967529,0.983228,0.983934,1.013409,1.044203,1.004414,0.984882,1.021651
2.757230,1.031838,1.025377,1.029399,1.021779,1.027335,1.028350,1.026542,1.026106,1.035623,1.029108,1.028179,1.019653,1.028434,1.029077,1.037133,1.042312,1.041214,1.036781,1.046248,0.984613,1.040602,1.040727,1.039817,1.045418,1.038932,1.049665,1.044804,1.037928,1.029006,0.982690,0.971980,0.967240,0.982767,0.983417,1.012955,1.043702,1.004008,0.984344,1.021718
2.765560,1.031777,1.025057,1.029052,1.021462,1.027052,1.028067,1.026281,1.025856,1.035564,1.028799,1.027878,1.019343,1.028117,1.028739,1.036721,1.041869,1.040786,1.036384,1.045755,0.984122,1.040145,1.040257,1.039340,1.044969,1.038489,1.049189,1.044350,1.037408,1.028477,0.982283,0.971700,0.966951,0.982302,0.982893,1.012499,1.043194,1.003601,0.983809,1.021789
2.773890,1.031723,1.024742,1.028707,1.021146,1.026771,1.027786,1.026022,1.025609,1.035508,1.028492,1.027580,1.019036,1.027802,1.028403,1.036310,1.041425,1.040359,1.035988,1.045260,0.983626,1.039686,1.039785,1.038861,1.044519,1.038047,1.048715,1.043897,1.036892,1.027951,0.981879,0.971422,0.966665,0.981834,0.982364,1.012040,1.042681,1.003193,0.983279,1.021863
2.782220,1.031674,1.024432,1.028366,1.020833,1.026493,1.027507,1.025766,1.025364,1.035455,1.028188,1.027284,1.018731,1.027489,1.028069,1.035899,1.040981,1.039934,1.035595,1.044762,0.983127,1.039227,1.039312,1.038380,1.044070,1.037605,1.048243,1.043447,1.036380,1.027431,0.981480,0.971147,0.966380,0.981363,0.981830,1.011580,1.042164,1.002785,0.982755,1.021941
2.790550,1.031631,1.024127,1.028028,1.020522,1.026217,1.027231,1.025513,1.025122,1.035406,1.027886,1.026990,1.018429,1.027179,1.027737,1.035490,1.040538,1.039510,1.035204,1.044263,0.982625,1.038768,1.038838,1.037898,1.043621,1.037166,1.047775,1.042999,1.035873,1.026915,0.981087,0.970873,0.966098,0.980890,0.981292,1.011119,1.041643,1.002379,0.982236,1.022022
2.798880,1.031594,1.023828,1.027695,1.020215,1.025945,1.026958,1.025264,1.024884,1.035360,1.027587,1.026700,1.018130,1.026872,1.027409,1.035083,1.040097,1.039090,1.034817,1.043764,0.982122,1.038310,1.038365,1.037417,1.043173,1.036729,1.047311,1.042554,1.035371,1.026405,0.980701,0.970603,0.965819,0.980416,0.980751,1.010657,1.041121,1.001973,0.981724,1.022106
2.807210,1.031563,1.023535,1.027367,1.019912,1.025677,1.026689,1.025017,1.024649,1.035318,1.027291,1.026413,1.017834,1.026568,1.027084,1.034678,1.039659,1.038673,1.034434,1.043264,0.981618,1.037854,1.037893,1.036936,1.042727,1.036294,1.046851,1.042114,1.034876,1.025902,0.980322,0.970337,0.965543,0.979941,0.980208,1.010197,1.040597,1.001569,0.981219,1.022194
2.815540,1.031538,1.023249,1.027044,1.019612,1.025413,1.026425,1.024775,1.024418,1.035279,1.027000,1.026130,1.017543,1.026269,1.026762,1.034277,1.039223,1.038260,1.034055,1.042766,0.981114,1.037401,1.037423,1.036456,1.042284,1.035863,1.046397,1.041679,1.034386,1.025406,0.979950,0.970074,0.965270,0.979466,0.979664,1.009738,1.040073,1.001168,0.980722,1.022284
2.823870,1.031519,1.022970,1.026726,1.019317,1.025153,1.026164,1.024537,1.024192,1.035245,1.026713,1.025852,1.017256,1.025973,1.026446,1.033880,1.038791,1.037851,1.033681,1.042270,0.980611,1.036951,1.036955,1.035979,1.041844,1.035437,1.045948,1.041248,1.033904,1.024916,0.979588,0.969815,0.965001,0.978993,0.979120,1.009281,1.039549,1.000770,0.980232,1.022378
2.832200,1.031505,1.022699,1.026414,1.019027,1.024897,1.025908,1.024304,1.023970,1.035213,1.026430,1.025578,1.016973,1.025683,1.026134,1.033488,1.038363,1.037448,1.033312,1.041775,0.980109,1.036504,1.036491,1.035505,1.041408,1.035014,1.045504,1.040823,1.033428,1.024435,0.979234,0.969561,0.964737,0.978520,0.978576,1.008826,1.039027,1.000374,0.979750,1.022475
2.840530,1.031497,1.022435,1.026109,1.018743,1.024647,1.025657,1.024075,1.023753,1.035186,1.026153,1.025309,1.016696,1.025397,1.025827,1.033100,1.037940,1.037050,1.032949,1.041284,0.979609,1.036062,1.036030,1.035035,1.040977,1.034597,1.045067,1.040404,1.032960,1.023960,0.978890,0.969311,0.964477,0.978050,0.978033,1.008375,1.038507,0.999983,0.979276,1.022574
2.848860,1.031495,1.022179,1.025810,1.018463,1.024402,1.025411,1.023852,1.023540,1.035162,1.025881,1.025046,1.016423,1.025117,1.025526,1.032717,1.037522,1.036657,1.032593,1.040797,0.979111,1.035625,1.035574,1.034569,1.040551,1.034184,1.044637,1.039991,1.032499,1.023494,0.978556,0.969067,0.964222,0.977583,0.977493,1.007927,1.037990,0.999595,0.978811,1.022677
2.857190,1.031498,1.021930,1.025518,1.018189,1.024162,1.025171,1.023634,1.023333,1.035142,1.025614,1.024788,1.016156,1.024842,1.025230,1.032341,1.037109,1.036271,1.032242,1.040314,0.978618,1.035193,1.035122,1.034108,1.040130,1.033777,1.044213,1.039585,1.032046,1.023036,0.978231,0.968828,0.963972,0.977119,0.976956,1.007484,1.037477,0.999212,0.978353,1.022782
2.865520,1.031506,1.021690,1.025233,1.017922,1.023928,1.024936,1.023421,1.023131,1.035126,1.025353,1.024536,1.015896,1.024573,1.024940,1.031970,1.036703,1.035892,1.031899,1.039836,0.978128,1.034767,1.034677,1.033653,1.039715,1.033375,1.043797,1.039186,1.031601,1.022586,0.977917,0.968595,0.963728,0.976659,0.976423,1.007046,1.036969,0.998833,0.977904,1.022889
2.873850,1.031519,1.021457,1.024955,1.017660,1.023699,1.024708,1.023214,1.022935,1.035113,1.025098,1.024289,1.015641,1.024310,1.024657,1.031606,1.036303,1.035519,1.031562,1.039364,0.977644,1.034348,1.034238,1.033204,1.039306,1.032979,1.043388,1.038794,1.031164,1.022144,0.977613,0.968367,0.963489,0.976203,0.975894,1.006614,1.036467,0.998459,0.977464,1.022999
2.882180,1.031537,1.021233,1.024684,1.017405,1.023477,1.024485,1.023012,1.022744,1.035104,1.024850,1.024049,1.015392,1.024054,1.024380,1.031249,1.035910,1.035154,1.031233,1.038898,0.977165,1.033936,1.033805,1.032761,1.038905,1.032590,1.042986,1.038409,1.030735,1.021710,0.977320,0.968146,0.963256,0.975753,0.975370,1.006189,1.035972,0.998090,0.977031,1.023111
2.890510,1.031559,1.021016,1.024420,1.017156,1.023261,1.024268,1.022816,1.022559,1.035099,1.024608,1.023815,1.015150,1.023804,1.024110,1.030899,1.035525,1.034796,1.030911,1.038438,0.976692,1.033531,1.033380,1.032327,1.038510,1.032207,1.042591,1.038031,1.030314,1.021284,0.977036,0.967930,0.963029,0.975308,0.974853,1.005770,1.035483,0.997727,0.976606,1.023225
2.898840,1.031585,1.020808,1.024164,1.016914,1.023051,1.024058,1.022627,1.022380,1.035097,1.024372,1.023588,1.014914,1.023561,1.023847,1.030557,1.035147,1.034446,1.030596,1.037986,0.976226,1.033134,1.032963,1.031900,1.038123,1.031830,1.042204,1.037662,1.029901,1.020867,0.976764,0.967721,0.962808,0.974870,0.974342,1.005358,1.035003,0.997369,0.976190,1.023341
2.907170,1.031616,1.020607,1.023915,1.016678,1.022848,1.023854,1.022443,1.022207,1.035098,1.024143,1.023368,1.014685,1.023324,1.023590,1.030222,1.034777,1.034104,1.030290,1.037542,0.975767,1.032746,1.032554,1.031481,1.037745,1.031460,1.041825,1.037300,1.029496,1.020457,0.976501,0.967519,0.962594,0.974439,0.973839,1.004954,1.034532,0.997016,0.975781,1.023458
2.915500,1.031650,1.020414,1.023673,1.016450,1.022651,1.023657,1.022266,1.022039,1.035103,1.023921,1.023154,1.014463,1.023095,1.023341,1.029895,1.034416,1.033769,1.029991,1.037105,0.975315,1.032365,1.032154,1.031072,1.037375,1.031097,1.041454,1.036946,1.029099,1.020056,0.976248,0.967323,0.962386,0.974014,0.973344,1.004559,1.034070,0.996670,0.975380,1.023577
2.923830,1.031687,1.020229,1.023439,1.016228,1.022460,1.023466,1.022095,1.021878,1.035111,1.023706,1.022947,1.014248,1.022873,1.023100,1.029577,1.034063,1.033443,1.029700,1.036678,0.974873,1.031994,1.031763,1.030672,1.037013,1.030741,1.041091,1.036600,1.028710,1.019662,0.976006,0.967134,0.962185,0.973598,0.972858,1.004172,1.033618,0.996330,0.974987,1.023698
2.932160,1.031728,1.020051,1.023213,1.016013,1.022276,1.023282,1.021930,1.021723,1.035122,1.023499,1.022747,1.014041,1.022658,1.022865,1.029267,1.033719,1.033126,1.029417,1.036259,0.974439,1.031633,1.031382,1.030282,1.036660,1.030392,1.040736,1.036263,1.028329,1.019277,0.975774,0.966953,0.961991,0.973189,0.972381,1.003794,1.033177,0.995996,0.974601,1.023820
2.940490,1.031772,1.019880,1.022994,1.015806,1.022099,1.023104,1.021772,1.021574,1.035136,1.023298,1.022554,1.013840,1.022450,1.022639,1.028966,1.033384,1.032817,1.029143,1.035850,0.974014,1.031280,1.031010,1.029902,1.036317,1.030050,1.040388,1.035934,1.027956,1.018899,0.975551,0.966778,0.961804,0.972790,0.971914,1.003427,1.032748,0.995668,0.974223,1.023943
2.948820,1.031819,1.019717,1.022783,1.015605,1.021929,1.022934,1.021619,1.021431,1.035154,1.023105,1.022368,1.013646,1.022249,1.022420,1.028674,1.033058,1.032517,1.028877,1.035451,0.973599,1.030938,1.030650,1.029532,1.035983,1.029715,1.040049,1.035613,1.027591,1.018529,0.975338,0.966610,0.961623,0.972399,0.971458,1.003069,1.032330,0.995347,0.973853,1.024067
2.957150,1.031868,1.019561,1.022579,1.015412,1.021765,1.022770,1.021474,1.021295,1.035174,1.022919,1.022189,1.013460,1.022056,1.022208,1.028390,1.032742,1.032226,1.028619,1.035063,0.973195,1.030606,1.030299,1.029174,1.035659,1.029388,1.039718,1.035301,1.027234,1.018168,0.975134,0.966449,0.961450,0.972017,0.971013,1.002721,1.031925,0.995033,0.973490,1.024192
2.965480,1.031919,1.019412,1.022382,1.015226,1.021609,1.022613,1.021334,1.021164,1.035197,1.022740,1.022018,1.013281,1.021871,1.022005,1.028116,1.032436,1.031944,1.028369,1.034685,0.972801,1.030285,1.029960,1.028827,1.035345,1.029069,1.039396,1.034997,1.026885,1.017814,0.974939,0.966295,0.961283,0.971646,0.970580,1.002384,1.031533,0.994726,0.973134,1.024317
2.973810,1.031973,1.019270,1.022193,1.015047,1.021459,1.022463,1.021201,1.021040,1.035223,1.022569,1.021854,1.013110,1.021692,1.021809,1.027851,1.032140,1.031671,1.028128,1.034318,0.972418,1.029974,1.029632,1.028492,1.035041,1.028757,1.039082,1.034702,1.026544,1.017468,0.974753,0.966149,0.961124,0.971285,0.970159,1.002058,1.031155,0.994426,0.972787,1.024444
2.982140,1.032029,1.019134,1.022012,1.014876,1.021315,1.022320,1.021075,1.020922,1.035252,1.022405,1.021697,1.012945,1.021522,1.021621,1.027596,1.031854,1.031407,1.027896,1.033962,0.972047,1.029674,1.029316,1.028169,1.034747,1.028453,1.038776,1.034416,1.026211,1.017131,0.974577,0.966010,0.960972,0.970934,0.969750,1.001744,1.030791,0.994133,0.972447,1.024570
2.990470,1.032086,1.019006,1.021838,1.014712,1.021179,1.022184,1.020955,1.020810,1.035283,1.022248,1.021547,1.012789,1.021359,1.021442,1.027351,1.031579,1.031153,1.027673,1.033619,0.971688,1.029386,1.029012,1.027859,1.034464,1.028158,1.038479,1.034139,1.025887,1.016801,0.974408,0.965878,0.960827,0.970594,0.969355,1.001441,1.030442,0.993848,0.972114,1.024697
2.998800,1.032145,1.018883,1.021671,1.014555,1.021050,1.022055,1.020841,1.020705,1.035317,1.022099,1.021404,1.012640,1.021204,1.021270,1.027115,1.031314,1.030908,1.027458,1.033287,0.971341,1.029108,1.028720,1.027561,1.034192,1.027871,1.038191,1.033871,1.025571,1.016480,0.974249,0.965754,0.960689,0.970266,0.968974,1.001151,1.030108,0.993571,0.971790,1.024824
3.007130,1.032206,1.018768,1.021512,1.014406,1.020928,1.021933,1.020734,1.020605,1.035353,1.021958,1.021269,1.012498,1.021056,1.021106,1.026890,1.031060,1.030673,1.027252,1.032967,0.971007,1.028843,1.028441,1.027276,1.033932,1.027592,1.037911,1.033612,1.025264,1.016168,0.974097,0.965636,0.960558,0.969949,0.968607,1.000872,1.029790,0.993301,0.971474,1.024952
3.015460,1.032268,1.018658,1.021360,1.014264,1.020812,1.021817,1.020634,1.020512,1.035392,1.021824,1.021142,1.012364,1.020917,1.020951,1.026674,1.030817,1.030448,1.027055,1.032661,0.970686,1.028589,1.028174,1.027005,1.033682,1.027322,1.037641,1.033363,1.024966,1.015864,0.973954,0.965527,0.960434,0.969644,0.968254,1.000606,1.029487,0.993040,0.971166,1.025079
3.023790,1.032330,1.018555,1.021216,1.014129,1.020704,1.021709,1.020540,1.020426,1.035434,1.021698,1.021022,1.012238,1.020785,1.020803,1.026469,1.030585,1.030232,1.026866,1.032367,0.970378,1.028348,1.027920,1.026747,1.033444,1.027061,1.037380,1.033123,1.024677,1.015570,0.973818,0.965425,0.960318,0.969351,0.967916,1.000352,1.029201,0.992787,0.970866,1.025207
3.032120,1.032394,1.018458,1.021079,1.014002,1.020602,1.021608,1.020453,1.020345,1.035478,1.021580,1.020909,1.012119,1.020660,1.020664,1.026273,1.030364,1.030027,1.026687,1.032086,0.970084,1.028118,1.027680,1.026502,1.033217,1.026810,1.037129,1.032893,1.024397,1.015284,0.973691,0.965330,0.960209,0.969070,0.967594,1.000112,1.028932,0.992542,0.970576,1.025334
3.040450,1.032459,1.018367,1.020949,1.013883,1.020508,1.021514,1.020372,1.020271,1.035524,1.021469,1.020804,1.012008,1.020544,1.020533,1.026089,1.030154,1.029832,1.026517,1.031819,0.969804,1.027901,1.027452,1.026272,1.033002,1.026567,1.036887,1.032673,1.024126,1.015008,0.973571,0.965242,0.960107,0.968803,0.967287,0.999884,1.028680,0.992307,0.970295,1.025461
3.048780,1.032525,1.018282,1.020827,1.013771,1.020420,1.021427,1.020298,1.020204,1.035573,1.021366,1.020706,1.011904,1.020436,1.020411,1.025914,1.029956,1.029647,1.026357,1.031566,0.969538,1.027696,1.027238,1.026055,1.032799,1.026334,1.036655,1.032463,1.023866,1.014742,0.973458,0.965162,0.960013,0.968548,0.966997,0.999669,1.028445,0.992080,0.970023,1.025588
3.057110,1.032592,1.018203,1.020713,1.013666,1.020340,1.021347,1.020230,1.020142,1.035624,1.021271,1.020616,1.011808,1.020335,1.020296,1.025751,1.029770,1.029472,1.026205,1.031326,0.969287,1.027504,1.027038,1.025853,1.032608,1.026111,1.036433,1.032262,1.023615,1.014486,0.973353,0.965089,0.959926,0.968306,0.966722,0.999467,1.028227,0.991863,0.969761,1.025715
3.065440,1.032659,1.018130,1.020606,1.013569,1.020267,1.021274,1.020169,1.020087,1.035677,1.021183,1.020533,1.011720,1.020242,1.020190,1.025598,1.029595,1.029308,1.026063,1.031100,0.969050,1.027325,1.026851,1.025665,1.032429,1.025898,1.036222,1.032073,1.023375,1.014240,0.973256,0.965024,0.959846,0.968078,0.966464,0.999279,1.028028,0.991656,0.969509,1.025841
3.073770,1.032727,1.018063,1.020506,1.013480,1.020200,1.021209,1.020114,1.020038,1.035733,1.021103,1.020457,1.011640,1.020157,1.020093,1.025455,1.029432,1.029154,1.025930,1.030888,0.968828,1.027158,1.026678,1.025491,1.032262,1.025696,1.036021,1.031893,1.023146,1.014006,0.973165,0.964965,0.959773,0.967863,0.966223,0.999103,1.027846,0.991458,0.969267,1.025967
3.082100,1.032795,1.018002,1.020414,1.013398,1.020141,1.021150,1.020066,1.019996,1.035791,1.021031,1.020390,1.011567,1.020080,1.020004,1.025324,1.029281,1.029011,1.025806,1.030691,0.968621,1.027004,1.026518,1.025332,1.032107,1.025503,1.035831,1.031725,1.022928,1.013782,0.973081,0.964914,0.959708,0.967661,0.966000,0.998942,1.027682,0.991270,0.969037,1.026092
3.090430,1.032864,1.017946,1.020330,1.013324,1.020088,1.021098,1.020025,1.019959,1.035851,1.020966,1.020329,1.011502,1.020011,1.019923,1.025203,1.029142,1.028879,1.025692,1.030508,0.968429,1.026863,1.026373,1.025188,1.031965,1.025322,1.035652,1.031567,1.022721,1.013569,0.973005,0.964871,0.959649,0.967474,0.965793,0.998793,1.027537,0.991092,0.968818,1.026217
3.098760,1.032933,1.017897,1.020253,1.013257,1.020043,1.021053,1.019990,1.019929,1.035914,1.020909,1.020276,1.011445,1.019950,1.019850,1.025093,1.029015,1.028757,1.025588,1.030339,0.968252,1.026735,1.026241,1.025058,1.031834,1.025151,1.035484,1.031420,1.022525,1.013368,0.972935,0.964834,0.959599,0.967300,0.965603,0.998658,1.027410,0.990925,0.968610,1.026342
3.107090,1.033003,1.017853,1.020184,1.013198,1.020005,1.021016,1.019962,1.019906,1.035979,1.020860,1.020231,1.011395,1.019897,1.019786,1.024994,1.028900,1.028646,1.025493,1.030186,0.968091,1.026620,1.026124,1.024943,1.031717,1.024992,1.035327,1.031284,1.022342,1.013180,0.972873,0.964804,0.959555,0.967141,0.965432,0.998536,1.027302,0.990768,0.968414,1.026466
3.115420,1.033074,1.017815,1.020122,1.013147,1.019973,1.020985,1.019940,1.019888,1.036046,1.020819,1.020193,1.011354,1.019851,1.019731,1.024906,1.028797,1.028547,1.025408,1.030046,0.967946,1.026518,1.026020,1.024842,1.031612,1.024844,1.035182,1.031160,1.022170,1.013004,0.972817,0.964782,0.959519,0.966995,0.965277,0.998428,1.027212,0.990623,0.968231,1.026589
3.123750,1.033144,1.017783,1.020069,1.013103,1.019949,1.020962,1.019925,1.019877,1.036115,1.020785,1.020163,1.011319,1.019814,1.019684,1.024829,1.028706,1.028458,1.025333,1.029922,0.967816,1.026429,1.025931,1.024757,1.031519,1.024708,1.035050,1.031047,1.022012,1.012840,0.972768,0.964767,0.959490,0.966864,0.965141,0.998333,1.027140,0.990488,0.968061,1.026712
3.132080,1.033216,1.017757,1.020022,1.013067,1.019932,1.020945,1.019916,1.019873,1.036186,1.020759,1.020140,1.011293,1.019784,1.019645,1.024763,1.028628,1.028380,1.025267,1.029812,0.967701,1.026353,1.025855,1.024686,1.031439,1.024584,1.034929,1.030946,1.021866,1.012690,0.972726,0.964758,0.959468,0.966746,0.965022,0.998252,1.027087,0.990365,0.967904,1.026835
3.140410,1.033287,1.017737,1.019984,1.013038,1.019921,1.020936,1.019914,1.019874,1.036260,1.020741,1.020125,1.011274,1.019763,1.019615,1.024708,1.028561,1.028314,1.025212,1.029718,0.967602,1.026290,1.025794,1.024630,1.031372,1.024472,1.034820,1.030856,1.021734,1.012553,0.972690,0.964757,0.959453,0.966643,0.964921,0.998184,1.027052,0.990253,0.967761,1.026957
3.148740,1.033359,1.017722,1.019953,1.013017,1.019918,1.020934,1.019918,1.019882,1.036336,1.020731,1.020117,1.011263,1.019749,1.019593,1.024664,1.028507,1.028258,1.025166,1.029638,0.967519,1.026240,1.025746,1.024589,1.031317,1.024372,1.034724,1.030779,1.021615,1.012430,0.972662,0.964762,0.959446,0.966554,0.964838,0.998129,1.027036,0.990153,0.967631,1.027078
3.157070,1.033432,1.017714,1.019931,1.013004,1.019922,1.020938,1.019929,1.019896,1.036414,1.020728,1.020117,1.011260,1.019744,1.019580,1.024631,1.028466,1.028214,1.025130,1.029573,0.967452,1.026203,1.025712,1.024562,1.031275,1.024284,1.034641,1.030713,1.021509,1.012321,0.972640,0.964775,0.959446,0.966479,0.964773,0.998088,1.027039,0.990064,0.967516,1.027199
3.165400,1.033505,1.017711,1.019916,1.012999,1.019932,1.020950,1.019947,1.019917,1.036495,1.020733,1.020124,1.011265,1.019746,1.019575,1.024609,1.028436,1.028182,1.025105,1.029522,0.967400,1.026179,1.025692,1.024550,1.031245,1.024209,1.034571,1.030659,1.021418,1.012227,0.972626,0.964794,0.959453,0.966419,0.964726,0.998059,1.027059,0.989988,0.967416,1.027319
3.173730,1.033579,1.017715,1.019909,1.013001,1.019950,1.020969,1.019971,1.019944,1.036578,1.020746,1.020138,1.011277,1.019756,1.019579,1.024598,1.028419,1.028160,1.025089,1.029487,0.967364,1.026168,1.025686,1.024553,1.031228,1.024147,1.034514,1.030618,1.021341,1.012147,0.972618,0.964820,0.959467,0.966372,0.964696,0.998044,1.027098,0.989924,0.967330,1.027438
3.182060,1.033654,1.017725,1.019910,1.013011,1.019975,1.020995,1.020002,1.019977,1.036663,1.020766,1.020160,1.011297,1.019774,1.019591,1.024598,1.028414,1.028150,1.025083,1.029466,0.967343,1.026171,1.025694,1.024570,1.031223,1.024097,1.034469,1.030589,1.021279,1.012082,0.972617,0.964853,0.959489,0.966340,0.964684,0.998042,1.027155,0.989872,0.967260,1.027558
3.190390,1.033729,1.017741,1.019919,1.013029,1.020007,1.021028,1.020039,1.020016,1.036750,1.020794,1.020190,1.011324,1.019800,1.019611,1.024609,1.028421,1.028151,1.025087,1.029460,0.967338,1.026185,1.025715,1.024602,1.031231,1.024061,1.034439,1.030573,1.021231,1.012031,0.972623,0.964892,0.959517,0.966322,0.964689,0.998053,1.027230,0.989832,0.967204,1.027676
3.198720,1.033805,1.017763,1.019937,1.013055,1.020046,1.021067,1.020083,1.020062,1.036840,1.020830,1.020227,1.011360,1.019834,1.019640,1.024631,1.028440,1.028164,1.025102,1.029468,0.967348,1.026213,1.025750,1.024647,1.031252,1.024037,1.034421,1.030569,1.021198,1.011997,0.972637,0.964938,0.959553,0.966317,0.964712,0.998077,1.027322,0.989805,0.967165,1.027794
3.207050,1.033882,1.017792,1.019962,1.013088,1.020091,1.021114,1.020133,1.020114,1.036932,1.020873,1.020271,1.011402,1.019875,1.019677,1.024664,1.028472,1.028188,1.025127,1.029491,0.967374,1.026254,1.025799,1.024707,1.031285,1.024027,1.034417,1.030577,1.021180,1.011977,0.972657,0.964991,0.959596,0.966327,0.964752,0.998114,1.027432,0.989790,0.967141,1.027911
3.215380,1.033959,1.017827,1.019995,1.013129,1.020144,1.021168,1.020189,1.020172,1.037026,1.020924,1.020323,1.011453,1.019925,1.019723,1.024707,1.028515,1.028223,1.025161,1.029528,0.967415,1.026307,1.025860,1.024781,1.031330,1.024030,1.034427,1.030598,1.021177,1.011973,0.972685,0.965050,0.959646,0.966350,0.964809,0.998163,1.027559,0.989788,0.967133,1.028028
3.223710,1.034037,1.017867,1.020037,1.013177,1.020203,1.021228,1.020252,1.020236,1.037122,1.020982,1.020382,1.011511,1.019982,1.019777,1.024761,1.028570,1.028270,1.025206,1.029579,0.967470,1.026372,1.025935,1.024869,1.031387,1.024046,1.034450,1.030632,1.021189,1.011984,0.972719,0.965116,0.959703,0.966386,0.964883,0.998225,1.027703,0.989798,0.967141,1.028145
3.232040,1.034116,1.017914,1.020086,1.013233,1.020269,1.021295,1.020321,1.020306,1.037220,1.021048,1.020448,1.011576,1.020046,1.019839,1.024826,1.028637,1.028327,1.025260,1.029645,0.967540,1.026450,1.026022,1.024970,1.031456,1.024075,1.034487,1.030677,1.021216,1.012011,0.972759,0.965188,0.959767,0.966436,0.964973,0.998298,1.027863,0.989821,0.967165,1.028261
3.240370,1.034196,1.017966,1.020142,1.013296,1.020342,1.021369,1.020396,1.020382,1.037321,1.021121,1.020521,1.011648,1.020118,1.019908,1.024900,1.028715,1.028395,1.025324,1.029723,0.967624,1.026539,1.026122,1.025084,1.031536,1.024117,1.034536,1.030735,1.021258,1.012053,0.972805,0.965265,0.959837,0.966498,0.965079,0.998384,1.028040,0.989856,0.967204,1.028376
3.248700,1.034275,1.018022,1.020205,1.013365,1.020420,1.021448,1.020477,1.020463,1.037422,1.021200,1.020600,1.011727,1.020197,1.019985,1.024985,1.028803,1.028473,1.025396,1.029815,0.967723,1.026639,1.026234,1.025211,1.031628,1.024172,1.034599,1.030804,1.021315,1.012110,0.972854,0.965349,0.959914,0.966573,0.965201,0.998481,1.028232,0.989903,0.967259,1.028490
3.257030,1.034355,1.018083,1.020275,1.013442,1.020504,1.021533,1.020563,1.020549,1.037526,1.021286,1.020686,1.011812,1.020282,1.020069,1.025078,1.028902,1.028561,1.025477,1.029919,0.967834,1.026751,1.026357,1.025350,1.031730,1.024239,1.034674,1.030885,1.021386,1.012182,0.972908,0.965437,0.959996,0.966660,0.965338,0.998589,1.028439,0.989962,0.967329,1.028603
3.265360,1.034434,1.018147,1.020350,1.013524,1.020594,1.021624,1.020654,1.020641,1.037631,1.021377,1.020777,1.011904,1.020373,1.020160,1.025181,1.029012,1.028659,1.025566,1.030035,0.967958,1.026873,1.026492,1.025500,1.031843,1.024318,1.034762,1.030977,1.021471,1.012269,0.972963,0.965531,0.960084,0.966759,0.965490,0.998708,1.028660,0.990033,0.967415,1.028716
3.273690,1.034513,1.018214,1.020431,1.013611,1.020688,1.021720,1.020750,1.020736,1.037737,1.021474,1.020873,1.012000,1.020470,1.020257,1.025292,1.029130,1.028765,1.025663,1.030163,0.968095,1.027005,1.026637,1.025662,1.031965,1.024408,1.034861,1.031079,1.021569,1.012369,0.973021,0.965629,0.960178,0.966869,0.965655,0.998836,1.028895,0.990114,0.967515,1.028827
3.282020,1.034591,1.018283,1.020517,1.013705,1.020787,1.021820,1.020850,1.020836,1.037844,1.021577,1.020975,1.012102,1.020573,1.020360,1.025411,1.029258,1.028880,1.025767,1.030302,0.968244,1.027146,1.026792,1.025834,1.032097,1.024511,1.034972,1.031191,1.021681,1.012484,0.973079,0.965732,0.960276,0.966989,0.965834,0.998975,1.029144,0.990207,0.967629,1.028937
3.290350,1.034669,1.018355,1.020608,1.013803,1.020891,1.021924,1.020953,1.020939,1.037951,1.021684,1.021081,1.012209,1.020680,1.020468,1.025538,1.029394,1.029003,1.025878,1.030452,0.968404,1.027297,1.026957,1.026017,1.032237,1.024624,1.035094,1.031313,1.021806,1.012611,0.973138,0.965838,0.960379,0.967120,0.966026,0.999123,1.029404,0.990310,0.967757,1.029046
3.298680,1.034745,1.018428,1.020704,1.013905,1.020999,1.022033,1.021061,1.021046,1.038060,1.021796,1.021192,1.012321,1.020792,1.020581,1.025671,1.029539,1.029134,1.025996,1.030612,0.968575,1.027456,1.027131,1.026208,1.032386,1.024747,1.035226,1.031445,1.021943,1.012752,0.973196,0.965948,0.960486,0.967260,0.966230,0.999279,1.029676,0.990424,0.967899,1.029153
3.307010,1.034820,1.018503,1.020803,1.014012,1.021110,1.022145,1.021172,1.021156,1.038168,1.021912,1.021307,1.012436,1.020909,1.020699,1.025812,1.029691,1.029272,1.026119,1.030781,0.968756,1.027623,1.027313,1.026409,1.032543,1.024881,1.035369,1.031585,1.022093,1.012905,0.973254,0.966062,0.960597,0.967409,0.966445,0.999444,1.029960,0.990547,0.968054,1.029259
3.315340,1.034894,1.018578,1.020906,1.014123,1.021224,1.022261,1.021286,1.021269,1.038277,1.022032,1.021425,1.012556,1.021029,1.020822,1.025958,1.029850,1.029416,1.026247,1.030959,0.968946,1.027798,1.027504,1.026619,1.032708,1.025025,1.035522,1.031734,1.022253,1.013070,0.973310,0.966178,0.960711,0.967567,0.966672,0.999617,1.030254,0.990680,0.968221,1.029363
3.323670,1.034967,1.018654,1.021012,1.014237,1.021342,1.022379,1.021402,1.021385,1.038386,1.022155,1.021546,1.012678,1.021153,1.020948,1.026111,1.030016,1.029567,1.026381,1.031145,0.969146,1.027979,1.027702,1.026836,1.032879,1.025178,1.035684,1.031891,1.022425,1.013246,0.973365,0.966297,0.960828,0.967733,0.966908,0.999797,1.030557,0.990822,0.968400,1.029466
3.332000,1.035039,1.018730,1.021121,1.014354,1.021462,1.022500,1.021521,1.021503,1.038495,1.022281,1.021671,1.012804,1.021280,1.021078,1.026269,1.030188,1.029724,1.026520,1.031340,0.969354,1.028168,1.027907,1.027060,1.033056,1.025340,1.035854,1.032055,1.022608,1.013433,0.973418,0.966418,0.960949,0.967906,0.967155,0.999984,1.030869,0.990973,0.968590,1.029567
3.340330,1.035109,1.018807,1.021233,1.014475,1.021584,1.022624,1.021642,1.021623,1.038603,1.022410,1.021798,1.012933,1.021410,1.021211,1.026431,1.030366,1.029886,1.026663,1.031541,0.969570,1.028362,1.028118,1.027291,1.033240,1.025510,1.036033,1.032226,1.022800,1.013631,0.973468,0.966540,0.961071,0.968087,0.967410,1.000177,1.031190,0.991132,0.968791,1.029667
3.348660,1.035178,1.018884,1.021347,1.014598,1.021709,1.022749,1.021765,1.021744,1.038711,1.022541,1.021927,1.013064,1.021543,1.021347,1.026598,1.030550,1.030054,1.026810,1.031749,0.969793,1.028561,1.028336,1.027528,1.033429,1.025689,1.036220,1.032404,1.023001,1.013838,0.973516,0.966665,0.961196,0.968273,0.967673,1.000376,1.031518,0.991299,0.969003,1.029765
3.356990,1.035245,1.018960,1.021463,1.014723,1.021835,1.022877,1.021890,1.021867,1.038819,1.022674,1.022058,1.013197,1.021678,1.021486,1.026770,1.030738,1.030225,1.026960,1.031963,0.970023,1.028766,1.028558,1.027771,1.033623,1.025874,1.036414,1.032588,1.023212,1.014054,0.973562,0.966790,0.961323,0.968466,0.967944,1.000581,1.031852,0.991473,0.969224,1.029861
3.365320,1.035311,1.019036,1.021580,1.014850,1.021963,1.023005,1.022015,1.021991,1.038926,1.022809,1.022191,1.013332,1.021814,1.021627,1.026944,1.030930,1.030401,1.027114,1.032183,0.970259,1.028975,1.028785,1.028019,1.033821,1.026067,1.036615,1.032777,1.023430,1.014279,0.973604,0.966917,0.961451,0.968663,0.968222,1.000790,1.032193,0.991655,0.969453,1.029955
3.373650,1.035375,1.019111,1.021700,1.014979,1.022092,1.023135,1.022142,1.022116,1.039032,1.022946,1.022326,1.013468,1.021953,1.021770,1.027123,1.031126,1.030581,1.027271,1.032408,0.970500,1.029188,1.029017,1.028271,1.034024,1.026266,1.036822,1.032972,1.023656,1.014511,0.973644,0.967044,0.961580,0.968866,0.968506,1.001003,1.032539,0.991842,0.969691,1.030048
3.381980,1.035438,1.019186,1.021820,1.015109,1.022222,1.023266,1.022270,1.022242,1.039138,1.023084,1.022461,1.013606,1.022092,1.021914,1.027303,1.031325,1.030764,1.027430,1.032636,0.970746,1.029404,1.029252,1.028526,1.034229,1.026472,1.037035,1.033171,1.023889,1.014750,0.973680,0.967172,0.961711,0.969072,0.968795,1.001220,1.032889,0.992036,0.969936,1.030139
3.390310,1.035500,1.019259,1.021942,1.015240,1.022353,1.023398,1.022398,1.022368,1.039243,1.023222,1.022597,1.013744,1.022233,1.022060,1.027486,1.031527,1.030949,1.027591,1.032869,0.970996,1.029624,1.029490,1.028785,1.034438,1.026682,1.037252,1.033374,1.024128,1.014996,0.973714,0.967300,0.961842,0.969282,0.969089,1.001440,1.033242,0.992235,0.970188,1.030228
3.398640,1.035561,1.019332,1.022064,1.015373,1.022484,1.023529,1.022526,1.022494,1.039346,1.023361,1.022734,1.013884,1.022374,1.022207,1.027671,1.031731,1.031137,1.027753,1.033104,0.971250,1.029845,1.029731,1.029046,1.034649,1.026898,1.037475,1.033580,1.024372,1.015248,0.973744,0.967428,0.961973,0.969495,0.969387,1.001662,1.033599,0.992440,0.970446,1.030315
3.406970,1.035620,1.019404,1.022186,1.015505,1.022615,1.023661,1.022654,1.022621,1.039449,1.023501,1.022871,1.014023,1.022515,1.022354,1.027858,1.031938,1.031327,1.027917,1.033343,0.971507,1.030068,1.029973,1.029310,1.034862,1.027118,1.037701,1.033790,1.024622,1.015505,0.973772,0.967555,0.962104,0.969711,0.969689,1.001887,1.033957,0.992648,0.970709,1.030401
3.415300,1.035678,1.019475,1.022309,1.015638,1.022746,1.023793,1.022782,1.022747,1.039550,1.023640,1.023008,1.014162,1.022657,1.022501,1.028045,1.032145,1.031518,1.028083,1.033583,0.971766,1.030293,1.030217,1.029574,1.035077,1.027341,1.037930,1.034002,1.024876,1.015766,0.973796,0.967682,0.962235,0.969928,0.969993,1.002112,1.034317,0.992861,0.970977,1.030485
3.423630,1.035735,1.019544,1.022432,1.015772,1.022877,1.023925,1.022910,1.022872,1.039650,1.023780,1.023144,1.014302,1.022799,1.022649,1.028233,1.032354,1.031710,1.028248,1.033824,0.972027,1.030519,1.030461,1.029839,1.035292,1.027568,1.038163,1.034217,1.025133,1.016030,0.973816,0.967808,0.962366,0.970147,0.970298,1.002339,1.034677,0.993078,0.971249,1.030568
3.431960,1.035791,1.019613,1.022555,1.015905,1.023007,1.024056,1.023037,1.022997,1.039749,1.023918,1.023280,1.014441,1.022940,1.022797,1.028422,1.032563,1.031903,1.028414,1.034067,0.972289,1.030744,1.030706,1.030104,1.035508,1.027798,1.038397,1.034432,1.025393,1.016298,0.973834,0.967933,0.962496,0.970366,0.970606,1.002565,1.035037,0.993297,0.971523,1.030649
3.440290,1.035845,1.019680,1.022677,1.016037,1.023137,1.024186,1.023163,1.023122,1.039847,1.024056,1.023416,1.014579,1.023080,1.022944,1.028610,1.032772,1.032096,1.028580,1.034309,0.972552,1.030970,1.030950,1.030369,1.035724,1.028030,1.038633,1.034649,1.025655,1.016568,0.973848,0.968056,0.962625,0.970586,0.970913,1.002792,1.035396,0.993519,0.971800,1.030728
3.448620,1.035899,1.019745,1.022799,1.016169,1.023266,1.024315,1.023288,1.023245,1.039943,1.024193,1.023550,1.014716,1.023220,1.023090,1.028798,1.032981,1.032289,1.028746,1.034552,0.972814,1.031195,1.031194,1.030633,1.035940,1.028264,1.038870,1.034866,1.025919,1.016839,0.973860,0.968178,0.962753,0.970805,0.971221,1.003018,1.035754,0.993743,0.972078,1.030805
3.456950,1.035952,1.019809,1.022920,1.016300,1.023393,1.024443,1.023412,1.023367,1.040038,1.024329,1.023683,1.014852,1.023358,1.023235,1.028985,1.033189,1.032481,1.028911,1.034793,0.973076,1.031419,1.031436,1.030895,1.036155,1.028498,1.039108,1.035084,1.026183,1.017111,0.973868,0.968299,0.962880,0.971024,0.971527,1.003242,1.036108,0.993968,0.972358,1.030881
3.465280,1.036004,1.019871,1.023039,1.016430,1.023519,1.024570,1.023535,1.023488,1.040131,1.024464,1.023815,1.014987,1.023495,1.023379,1.029171,1.033395,1.032672,1.029075,1.035034,0.973336,1.031641,1.031676,1.031155,1.036368,1.028734,1.039346,1.035300,1.026448,1.017383,0.973873,0.968417,0.963005,0.971241,0.971833,1.003465,1.036460,0.994194,0.972637,1.030956
3.473610,1.036055,1.019932,1.023158,1.016559,1.023644,1.024695,1.023656,1.023607,1.040223,1.024596,1.023945,1.015120,1.023631,1.023522,1.029355,1.033600,1.032862,1.029237,1.035272,0.973595,1.031861,1.031914,1.031413,1.036580,1.028969,1.039583,1.035516,1.026712,1.017655,0.973874,0.968534,0.963128,0.971457,0.972136,1.003685,1.036808,0.994421,0.972915,1.031029
3.481940,1.036105,1.019991,1.023274,1.016686,1.023767,1.024818,1.023776,1.023724,1.040313,1.024727,1.024074,1.015251,1.023764,1.023662,1.029537,1.033803,1.033050,1.029398,1.035508,0.973852,1.032079,1.032149,1.031667,1.036790,1.029204,1.039819,1.035731,1.026975,1.017925,0.973873,0.968648,0.963250,0.971670,0.972437,1.003903,1.037151,0.994647,0.973193,1.031100
3.490270,1.036154,1.020049,1.023389,1.016812,1.023888,1.024939,1.023893,1.023840,1.040401,1.024856,1.024200,1.015380,1.023896,1.023801,1.029716,1.034003,1.033236,1.029556,1.035742,0.974106,1.032293,1.032381,1.031918,1.036997,1.029437,1.040053,1.035943,1.027236,1.018194,0.973869,0.968760,0.963369,0.971880,0.972734,1.004117,1.037489,0.994873,0.973468,1.031171
3.498600,1.036203,1.020104,1.023503,1.016935,1.024006,1.025058,1.024009,1.023953,1.040488,1.024983,1.024324,1.015507,1.024025,1.023938,1.029894,1.034200,1.033419,1.029713,1.035972,0.974357,1.032505,1.032609,1.032165,1.037201,1.029670,1.040285,1.036154,1.027495,1.018459,0.973861,0.968869,0.963486,0.972088,0.973027,1.004328,1.037822,0.995098,0.973740,1.031239
3.506930,1.036251,1.020157,1.023614,1.017056,1.024123,1.025175,1.024122,1.024065,1.040573,1.025107,1.024446,1.015631,1.024152,1.024072,1.030068,1.034394,1.033600,1.029867,1.036198,0.974603,1.032713,1.032833,1.032407,1.037402,1.029900,1.040515,1.036361,1.027751,1.018722,0.973850,0.968976,0.963600,0.972292,0.973316,1.004535,1.038148,0.995322,0.974009,1.031307
3.515260,1.036299,1.020209,1.023722,1.017176,1.024237,1.025289,1.024233,1.024174,1.040656,1.025229,1.024565,1.015754,1.024277,1.024203,1.030239,1.034585,1.033777,1.030018,1.036420,0.974846,1.032916,1.033052,1.032645,1.037599,1.030127,1.040741,1.036565,1.028004,1.018981,0.973836,0.969079,0.963712,0.972491,0.973601,1.004738,1.038467,0.995544,0.974274,1.031372
3.523590,1.036345,1.020258,1.023829,1.017292,1.024349,1.025401,1.024341,1.024281,1.040738,1.025348,1.024682,1.015873,1.024398,1.024332,1.030406,1.034772,1.033950,1.030165,1.036638,0.975084,1.033116,1.033267,1.032877,1.037792,1.030352,1.040964,1.036766,1.028252,1.019236,0.973819,0.969180,0.963821,0.972687,0.973879,1.004936,1.038779,0.995763,0.974535,1.031437
3.531920,1.036391,1.020305,1.023932,1.017406,1.024458,1.025510,1.024447,1.024385,1.040818,1.025464,1.024795,1.015989,1.024517,1.024458,1.030570,1.034954,1.034120,1.030310,1.036850,0.975317,1.033310,1.033476,1.033103,1.037981,1.030573,1.041182,1.036963,1.028496,1.019486,0.973798,0.969278,0.963927,0.972877,0.974152,1.005129,1.039083,0.995979,0.974790,1.031500
3.540250,1.036437,1.020349,1.024033,1.017517,1.024564,1.025616,1.024550,1.024487,1.040896,1.025577,1.024906,1.016103,1.024633,1.024580,1.030730,1.035132,1.034286,1.030451,1.037058,0.975544,1.033500,1.033679,1.033323,1.038165,1.030791,1.041396,1.037155,1.028734,1.019730,0.973774,0.969372,0.964030,0.973063,0.974419,1.005316,1.039378,0.996192,0.975040,1.031562
3.548580,1.036482,1.020391,1.024130,1.017626,1.024667,1.025720,1.024651,1.024586,1.040972,1.025686,1.025014,1.016213,1.024745,1.024700,1.030885,1.035305,1.034447,1.030587,1.037260,0.975766,1.033684,1.033877,1.033537,1.038344,1.031004,1.041605,1.037343,1.028967,1.019969,0.973747,0.969464,0.964130,0.973243,0.974678,1.005498,1.039665,0.996402,0.975283,1.031623
3.556910,1.036526,1.020431,1.024225,1.017731,1.024768,1.025820,1.024748,1.024682,1.041046,1.025793,1.025118,1.016320,1.024854,1.024815,1.031036,1.035473,1.034604,1.030720,1.037455,0.975981,1.033863,1.034069,1.033744,1.038518,1.031213,1.041809,1.037525,1.029194,1.020201,0.973717,0.969552,0.964226,0.973417,0.974931,1.005674,1.039942,0.996607,0.975520,1.031682
3.565240,1.036569,1.020467,1.024316,1.017833,1.024865,1.025917,1.024843,1.024775,1.041118,1.025896,1.025219,1.016423,1.024960,1.024927,1.031182,1.035636,1.034755,1.030849,1.037645,0.976190,1.034036,1.034254,1.033945,1.038687,1.031416,1.042007,1.037702,1.029414,1.020426,0.973683,0.969636,0.964320,0.973586,0.975176,1.005845,1.040211,0.996808,0.975750,1.031740
3.573570,1.036612,1.020501,1.024403,1.017931,1.024958,1.026010,1.024934,1.024865,1.041189,1.025995,1.025317,1.016523,1.025062,1.025036,1.031324,1.035793,1.034902,1.030973,1.037828,0.976393,1.034203,1.034432,1.034138,1.038850,1.031614,1.042199,1.037874,1.029628,1.020644,0.973645,0.969717,0.964409,0.973748,0.975413,1.006008,1.040469,0.997004,0.975972,1.031797
3.581900,1.036654,1.020533,1.024487,1.018026,1.025049,1.026101,1.025022,1.024952,1.041257,1.026091,1.025411,1.016619,1.025160,1.025140,1.031460,1.035945,1.035043,1.031092,1.038005,0.976588,1.034364,1.034604,1.034324,1.039007,1.031807,1.042384,1.038040,1.029834,1.020855,0.973604,0.969795,0.964495,0.973903,0.975643,1.006166,1.040717,0.997195,0.976186,1.031852
3.590230,1.036695,1.020561,1.024567,1.018118,1.025136,1.026187,1.025107,1.025035,1.041323,1.026183,1.025501,1.016712,1.025254,1.025241,1.031592,1.036091,1.035179,1.031206,1.038174,0.976776,1.034519,1.034769,1.034503,1.039158,1.031993,1.042563,1.038200,1.030033,1.021058,0.973559,0.969868,0.964578,0.974052,0.975863,1.006317,1.040956,0.997381,0.976392,1.031906
3.598560,1.036735,1.020586,1.024643,1.018205,1.025219,1.026271,1.025188,1.025116,1.041388,1.026271,1.025587,1.016801,1.025345,1.025337,1.031717,1.036230,1.035309,1.031315,1.038337,0.976956,1.034667,1.034927,1.034674,1.039304,1.032173,1.042735,1.038353,1.030224,1.021252,0.973511,0.969939,0.964657,0.974195,0.976075,1.006461,1.041183,0.997561,0.976589,1.031959
3.606890,1.036775,1.020607,1.024715,1.018289,1.025299,1.026350,1.025266,1.025193,1.041450,1.026355,1.025670,1.016886,1.025431,1.025429,1.031838,1.036364,1.035434,1.031420,1.038492,0.977129,1.034808,1.035078,1.034837,1.039442,1.032346,1.042900,1.038500,1.030406,1.021439,0.973458,0.970005,0.964732,0.974330,0.976279,1.006599,1.041401,0.997735,0.976778,1.032010
3.615220,1.036813,1.020626,1.024782,1.018369,1.025375,1.026426,1.025340,1.025267,1.041510,1.026435,1.025749,1.016966,1.025514,1.025517,1.031953,1.036491,1.035552,1.031519,1.038640,0.977295,1.034943,1.035221,1.034992,1.039575,1.032513,1.043058,1.038640,1.030581,1.021616,0.973402,0.970068,0.964803,0.974458,0.976473,1.006730,1.041607,0.997903,0.976957,1.032060
3.623550,1.036851,1.020641,1.024846,1.018445,1.025447,1.026498,1.025411,1.025337,1.041568,1.026512,1.025824,1.017043,1.025592,1.025601,1.032062,1.036612,1.035664,1.031612,1.038780,0.977452,1.035071,1.035357,1.035139,1.039701,1.032673,1.043208,1.038773,1.030747,1.021785,0.973341,0.970127,0.964871,0.974579,0.976658,1.006854,1.041803,0.998064,0.977127,1.032109
3.631880,1.036887,1.020652,1.024905,1.018517,1.025516,1.026566,1.025478,1.025404,1.041624,1.026584,1.025895,1.017116,1.025666,1.025680,1.032166,1.036727,1.035770,1.031700,1.038913,0.977601,1.035192,1.035486,1.035279,1.039820,1.032825,1.043351,1.038899,1.030904,1.021944,0.973277,0.970182,0.964934,0.974693,0.976834,1.006971,1.041988,0.998218,0.977288,1.032156
3.640210,1.036923,1.020660,1.024959,1.018585,1.025581,1.026631,1.025542,1.025467,1.041677,1.026652,1.025962,1.017184,1.025736,1.025755,1.032264,1.036835,1.035870,1.031782,1.039038,0.977742,1.035306,1.035607,1.035410,1.039933,1.032970,1.043486,1.039018,1.031052,1.022095,0.973208,0.970233,0.964994,0.974799,0.977001,1.007081,1.042162,0.998366,0.977439,1.032202
3.648540,1.036957,1.020664,1.025009,1.018649,1.025642,1.026691,1.025602,1.025526,1.041729,1.026716,1.026025,1.017249,1.025802,1.025826,1.032356,1.036937,1.035964,1.031859,1.039156,0.977876,1.035413,1.035721,1.035533,1.040039,1.033107,1.043613,1.039130,1.031192,1.022236,0.973136,0.970281,0.965050,0.974898,0.977159,1.007184,1.042325,0.998507,0.977581,1.032247
3.656870,1.036990,1.020666,1.025055,1.018709,1.025699,1.026748,1.025658,1.025583,1.041778,1.026776,1.026084,1.017310,1.025863,1.025892,1.032443,1.037033,1.036051,1.031931,1.039266,0.978001,1.035514,1.035828,1.035649,1.040138,1.033238,1.043732,1.039235,1.031322,1.022368,0.973061,0.970325,0.965102,0.974990,0.977307,1.007280,1.042478,0.998641,0.977713,1.032290
3.665200,1.037023,1.020664,1.025097,1.018765,1.025753,1.026802,1.025711,1.025636,1.041825,1.026832,1.026139,1.017366,1.025921,1.025954,1.032525,1.037122,1.036133,1.031997,1.039368,0.978119,1.035608,1.035927,1.035757,1.040232,1.033360,1.043844,1.039333,1.031444,1.022491,0.972983,0.970366,0.965150,0.975075,0.977446,1.007370,1.042620,0.998767,0.977836,1.032332
3.673530,1.037054,1.020660,1.025135,1.018817,1.025803,1.026852,1.025761,1.025686,1.041871,1.026884,1.026191,1.017419,1.025975,1.026012,1.032601,1.037205,1.036209,1.032059,1.039464,0.978228,1.035696,1.036020,1.035857,1.040319,1.033475,1.043947,1.039425,1.031557,1.022605,0.972902,0.970403,0.965195,0.975153,0.977576,1.007453,1.042752,0.998887,0.977949,1.032373
3.681860,1.037085,1.020653,1.025169,1.018866,1.025850,1.026898,1.025808,1.025732,1.041914,1.026933,1.026239,1.017469,1.026026,1.026066,1.032671,1.037283,1.036279,1.032115,1.039552,0.978331,1.035777,1.036106,1.035950,1.040400,1.033583,1.044044,1.039509,1.031662,1.022710,0.972820,0.970437,0.965237,0.975224,0.977698,1.007530,1.042875,0.999000,0.978054,1.032412
3.690190,1.037116,1.020645,1.025200,1.018912,1.025894,1.026942,1.025852,1.025776,1.041956,1.026979,1.026284,1.017515,1.026073,1.026116,1.032738,1.037355,1.036344,1.032167,1.039634,0.978426,1.035853,1.036185,1.036036,1.040476,1.033684,1.044133,1.039587,1.031759,1.022807,0.972737,0.970469,0.965275,0.975289,0.977811,1.007601,1.042987,0.999106,0.978149,1.032451
3.698520,1.037146,1.020635,1.025228,1.018954,1.025935,1.026983,1.025893,1.025818,1.041996,1.027022,1.026326,1.017558,1.026117,1.026164,1.032799,1.037421,1.036404,1.032215,1.039709,0.978514,1.035923,1.036258,1.036116,1.040545,1.033778,1.044215,1.039660,1.031847,1.022895,0.972655,0.970497,0.965311,0.975347,0.977916,1.007666,1.043091,0.999205,0.978236,1.032488
3.706850,1.037176,1.020625,1.025253,1.018994,1.025974,1.027022,1.025932,1.025857,1.042035,1.027061,1.026366,1.017599,1.026158,1.026208,1.032856,1.037483,1.036459,1.032259,1.039778,0.978595,1.035988,1.036326,1.036189,1.040610,1.033865,1.044291,1.039726,1.031928,1.022976,0.972572,0.970524,0.965344,0.975399,0.978013,1.007726,1.043186,0.999298,0.978314,1.032525
3.715180,1.037206,1.020614,1.025277,1.019032,1.026010,1.027058,1.025969,1.025894,1.042072,1.027099,1.026403,1.017637,1.026197,1.026250,1.032910,1.037540,1.036510,1.032299,1.039841,0.978670,1.036047,1.036388,1.036256,1.040670,1.033945,1.044360,1.039787,1.032001,1.023048,0.972492,0.970548,0.965375,0.975446,0.978103,1.007780,1.043272,0.999384,0.978384,1.032560
3.723510,1.037237,1.020604,1.025298,1.019067,1.026045,1.027092,1.026003,1.025929,1.042108,1.027134,1.026438,1.017673,1.026233,1.026289,1.032960,1.037593,1.036557,1.032336,1.039899,0.978739,1.036102,1.036445,1.036318,1.040726,1.034019,1.044424,1.039842,1.032067,1.023114,0.972414,0.970571,0.965404,0.975488,0.978185,1.007830,1.043351,0.999465,0.978447,1.032595
3.731840,1.037268,1.020593,1.025318,1.019100,1.026078,1.027124,1.026037,1.025963,1.042143,1.027168,1.026471,1.017707,1.026268,1.026326,1.033006,1.037642,1.036601,1.032371,1.039952,0.978802,1.036153,1.036497,1.036374,1.040778,1.034088,1.044481,1.039893,1.032126,1.023172,0.972339,0.970592,0.965431,0.975524,0.978261,1.007875,1.043422,0.999539,0.978503,1.032629
3.740170,1.037299,1.020584,1.025337,1.019132,1.026109,1.027155,1.026068,1.025995,1.042177,1.027199,1.026502,1.017739,1.026300,1.026361,1.033050,1.037688,1.036641,1.032403,1.040000,0.978861,1.036200,1.036545,1.036426,1.040826,1.034150,1.044533,1.039940,1.032180,1.023224,0.972267,0.970612,0.965456,0.975557,0.978331,1.007916,1.043486,0.999608,0.978551,1.032662
3.748500,1.037331,1.020576,1.025355,1.019163,1.026139,1.027185,1.026099,1.026026,1.042211,1.027230,1.026533,1.017770,1.026332,1.026395,1.033091,1.037730,1.036678,1.032433,1.040044,0.978914,1.036244,1.036589,1.036474,1.040870,1.034208,1.044581,1.039982,1.032227,1.023269,0.972199,0.970631,0.965480,0.975585,0.978395,1.007954,1.043544,0.999671,0.978593,1.032695
3.756830,1.037364,1.020570,1.025373,1.019193,1.026168,1.027214,1.026129,1.026056,1.042244,1.027259,1.026562,1.017800,1.026362,1.026427,1.033130,1.037770,1.036713,1.032461,1.040085,0.978963,1.036285,1.036630,1.036517,1.040912,1.034260,1.044623,1.040021,1.032269,1.023309,0.972136,0.970649,0.965503,0.975609,0.978453,1.007988,1.043596,0.999729,0.978630,1.032727
3.765160,1.037397,1.020566,1.025391,1.019222,1.026197,1.027242,1.026158,1.026086,1.042276,1.027288,1.026591,1.017829,1.026391,1.026459,1.033168,1.037807,1.036746,1.032488,1.040121,0.979008,1.036323,1.036667,1.036557,1.040951,1.034308,1.044662,1.040057,1.032305,1.023344,0.972078,0.970667,0.965526,0.975630,0.978507,1.008019,1.043643,0.999783,0.978660,1.032759
3.773490,1.037432,1.020564,1.025408,1.019250,1.026225,1.027270,1.026186,1.026115,1.042308,1.027316,1.026619,1.017857,1.026420,1.026489,1.033203,1.037842,1.036776,1.032514,1.040155,0.979050,1.036358,1.036702,1.036595,1.040988,1.034351,1.044696,1.040089,1.032338,1.023374,0.972025,0.970684,0.965548,0.975648,0.978556,1.008048,1.043685,0.999832,0.978686,1.032790
3.781820,1.037468,1.020564,1.025426,1.019278,1.026253,1.027298,1.026215,1.026144,1.042339,1.027343,1.026646,1.017886,1.026449,1.026520,1.033238,1.037876,1.036806,1.032539,1.040187,0.979089,1.036392,1.036735,1.036629,1.041024,1.034390,1.044728,1.040119,1.032365,1.023400,0.971978,0.970702,0.965569,0.975664,0.978602,1.008075,1.043723,0.999876,0.978707,1.032821
3.790150,1.037504,1.020567,1.025445,1.019307,1.026281,1.027325,1.026243,1.026173,1.042371,1.027371,1.026674,1.017914,1.026477,1.026550,1.033271,1.037908,1.036834,1.032564,1.040216,0.979125,1.036425,1.036766,1.036662,1.041058,1.034426,1.044756,1.040147,1.032390,1.023422,0.971937,0.970720,0.965591,0.975677,0.978644,1.008100,1.043757,0.999917,0.978724,1.032852
3.798480,1.037542,1.020573,1.025465,1.019335,1.026309,1.027353,1.026271,1.026202,1.042402,1.027399,1.026702,1.017942,1.026506,1.026580,1.033304,1.037940,1.036861,1.032588,1.040244,0.979159,1.036456,1.036795,1.036693,1.041090,1.034458,1.044782,1.040173,1.032411,1.023440,0.971902,0.970738,0.965612,0.975689,0.978684,1.008123,1.043788,0.999954,0.978737,1.032882
3.806810,1.037581,1.020582,1.025486,1.019364,1.026337,1.027381,1.026300,1.026231,1.042433,1.027427,1.026730,1.017971,1.026535,1.026611,1.033337,1.037970,1.036888,1.032613,1.040270,0.979191,1.036487,1.036824,1.036723,1.041122,1.034488,1.044805,1.040197,1.032429,1.023455,0.971874,0.970757,0.965634,0.975700,0.978721,1.008146,1.043817,0.999988,0.978747,1.032912
3.815140,1.037621,1.020594,1.025508,1.019394,1.026367,1.027410,1.026330,1.026261,1.042464,1.027456,1.026759,1.018000,1.026564,1.026642,1.033370,1.038001,1.036915,1.032638,1.040296,0.979222,1.036517,1.036852,1.036752,1.041154,1.034514,1.044826,1.040221,1.032444,1.023468,0.971852,0.970776,0.965657,0.975710,0.978756,1.008169,1.043844,1.000019,0.978754,1.032942
3.823470,1.037663,1.020610,1.025532,1.019425,1.026397,1.027440,1.026360,1.026292,1.042496,1.027486,1.026789,1.018030,1.026595,1.026674,1.033403,1.038032,1.036942,1.032664,1.040321,0.979252,1.036547,1.036880,1.036781,1.041186,1.034539,1.044847,1.040243,1.032458,1.023479,0.971837,0.970797,0.965681,0.975719,0.978790,1.008191,1.043869,1.000048,0.978760,1.032971
3.831800,1.037705,1.020629,1.025558,1.019456,1.026428,1.027470,1.026391,1.026323,1.042527,1.027516,1.026820,1.018062,1.026626,1.026708,1.033438,1.038063,1.036970,1.032691,1.040347,0.979282,1.036578,1.036908,1.036809,1.041218,1.034562,1.044866,1.040266,1.032470,1.023488,0.971829,0.970819,0.965705,0.975728,0.978823,1.008213,1.043894,1.000074,0.978763,1.033000
3.840130,1.037749,1.020653,1.025586,1.019489,1.026460,1.027502,1.026423,1.026356,1.042559,1.027548,1.026852,1.018094,1.026659,1.026742,1.033473,1.038095,1.036998,1.032720,1.040372,0.979311,1.036609,1.036937,1.036839,1.041251,1.034583,1.044884,1.040288,1.032481,1.023496,0.971828,0.970843,0.965731,0.975738,0.978856,1.008237,1.043918,1.000098,0.978766,1.033029
3.848460,1.037795,1.020680,1.025616,1.019524,1.026494,1.027536,1.026457,1.026389,1.042591,1.027582,1.026886,1.018128,1.026693,1.026778,1.033509,1.038129,1.037028,1.032750,1.040399,0.979341,1.036642,1.036966,1.036869,1.041285,1.034604,1.044902,1.040311,1.032492,1.023504,0.971835,0.970868,0.965758,0.975748,0.978889,1.008261,1.043943,1.000121,0.978767,1.033058
3.856790,1.037841,1.020711,1.025649,1.019561,1.026529,1.027571,1.026492,1.026425,1.042624,1.027617,1.026921,1.018164,1.026729,1.026816,1.033547,1.038163,1.037059,1.032782,1.040427,0.979373,1.036676,1.036998,1.036900,1.041320,1.034623,1.044921,1.040334,1.032503,1.023511,0.971849,0.970895,0.965786,0.975760,0.978923,1.008287,1.043968,1.000143,0.978769,1.033087
3.865120,1.037889,1.020746,1.025685,1.019599,1.026566,1.027608,1.026529,1.026461,1.042657,1.027654,1.026958,1.018201,1.026767,1.026855,1.033587,1.038200,1.037092,1.032816,1.040456,0.979405,1.036712,1.037031,1.036933,1.041357,1.034643,1.044940,1.040359,1.032514,1.023519,0.971870,0.970924,0.965817,0.975773,0.978958,1.008314,1.043995,1.000163,0.978771,1.033115
3.873450,1.037938,1.020784,1.025722,1.019639,1.026604,1.027646,1.026567,1.026500,1.042691,1.027692,1.026997,1.018240,1.026806,1.026896,1.033628,1.038238,1.037127,1.032852,1.040487,0.979439,1.036749,1.037065,1.036968,1.041396,1.034662,1.044959,1.040385,1.032525,1.023527,0.971895,0.970955,0.965849,0.975787,0.978994,1.008343,1.044023,1.000184,0.978773,1.033144
3.881780,1.037988,1.020825,1.025761,1.019680,1.026644,1.027685,1.026606,1.026538,1.042725,1.027732,1.027036,1.018280,1.026847,1.026939,1.033671,1.038277,1.037162,1.032889,1.040520,0.979474,1.036788,1.037101,1.037004,1.041436,1.034680,1.044979,1.040410,1.032536,1.023535,0.971927,0.970987,0.965882,0.975803,0.979032,1.008374,1.044052,1.000203,0.978775,1.033172
3.890110,1.038040,1.020873,1.025805,1.019725,1.026687,1.027728,1.026648,1.026580,1.042760,1.027775,1.027079,1.018324,1.026891,1.026985,1.033717,1.038321,1.037202,1.032930,1.040557,0.979513,1.036831,1.037141,1.037044,1.041480,1.034701,1.045001,1.040440,1.032550,1.023547,0.971971,0.971023,0.965918,0.975823,0.979074,1.008408,1.044085,1.000223,0.978780,1.033200
3.898440,1.038093,1.020925,1.025853,1.019772,1.026732,1.027773,1.026692,1.026625,1.042796,1.027821,1.027125,1.018371,1.026938,1.027034,1.033767,1.038367,1.037245,1.032975,1.040596,0.979554,1.036878,1.037185,1.037087,1.041527,1.034722,1.045026,1.040472,1.032566,1.023560,0.972022,0.971061,0.965957,0.975846,0.979118,1.008446,1.044122,1.000244,0.978787,1.033228
3.906770,1.038149,1.020985,1.025906,1.019824,1.026781,1.027822,1.026740,1.026672,1.042833,1.027871,1.027175,1.018421,1.026989,1.027087,1.033821,1.038418,1.037292,1.033025,1.040640,0.979600,1.036928,1.037232,1.037135,1.041578,1.034747,1.045054,1.040508,1.032586,1.023577,0.972084,0.971104,0.966000,0.975873,0.979166,1.008488,1.044163,1.000266,0.978798,1.033256
3.915100,1.038206,1.021048,1.025962,1.019878,1.026832,1.027873,1.026790,1.026721,1.042871,1.027923,1.027227,1.018473,1.027042,1.027142,1.033878,1.038472,1.037342,1.033077,1.040688,0.979649,1.036982,1.037284,1.037187,1.041632,1.034772,1.045084,1.040546,1.032608,1.023596,0.972152,0.971148,0.966045,0.975903,0.979218,1.008533,1.044208,1.000290,0.978811,1.033284
3.923430,1.038264,1.021115,1.026022,1.019935,1.026887,1.027927,1.026843,1.026774,1.042910,1.027978,1.027282,1.018529,1.027098,1.027201,1.033938,1.038530,1.037396,1.033133,1.040739,0.979702,1.037040,1.037339,1.037242,1.041690,1.034800,1.045118,1.040588,1.032634,1.023619,0.972227,0.971196,0.966092,0.975937,0.979275,1.008583,1.044257,1.000315,0.978828,1.033312
3.931760,1.038324,1.021188,1.026086,1.019996,1.026944,1.027984,1.026898,1.026828,1.042950,1.028037,1.027340,1.018588,1.027158,1.027263,1.034002,1.038592,1.037454,1.033194,1.040796,0.979760,1.037102,1.037399,1.037302,1.041752,1.034831,1.045155,1.040634,1.032663,1.023645,0.972311,0.971247,0.966144,0.975976,0.979337,1.008636,1.044312,1.000343,0.978848,1.033340
3.940090,1.038385,1.021267,1.026154,1.020060,1.027004,1.028045,1.026957,1.026886,1.042991,1.028099,1.027401,1.018651,1.027221,1.027329,1.034071,1.038658,1.037516,1.033259,1.040857,0.979822,1.037169,1.037463,1.037367,1.041819,1.034865,1.045196,1.040684,1.032696,1.023676,0.972403,0.971301,0.966198,0.976020,0.979403,1.008695,1.044372,1.000373,0.978873,1.033369
3.948420,1.038448,1.021350,1.026228,1.020128,1.027068,1.028109,1.027018,1.026947,1.043034,1.028165,1.027467,1.018717,1.027288,1.027399,1.034144,1.038730,1.037583,1.033328,1.040924,0.979890,1.037241,1.037533,1.037438,1.041891,1.034903,1.045242,1.040738,1.032734,1.023712,0.972503,0.971359,0.966256,0.976068,0.979475,1.008758,1.044438,1.000405,0.978903,1.033397
3.956750,1.038513,1.021440,1.026305,1.020200,1.027136,1.028176,1.027084,1.027011,1.043078,1.028234,1.027536,1.018787,1.027359,1.027473,1.034222,1.038806,1.037655,1.033403,1.040996,0.979963,1.037318,1.037608,1.037513,1.041967,1.034944,1.045292,1.040797,1.032777,1.023752,0.972611,0.971420,0.966317,0.976122,0.979554,1.008827,1.044510,1.000441,0.978938,1.033425
3.965080,1.038580,1.021534,1.026388,1.020276,1.027207,1.028247,1.027152,1.027079,1.043123,1.028308,1.027609,1.018861,1.027434,1.027551,1.034304,1.038887,1.037732,1.033482,1.041074,0.980042,1.037400,1.037689,1.037595,1.042049,1.034989,1.045347,1.040861,1.032825,1.023798,0.972727,0.971486,0.966383,0.976182,0.979638,1.008901,1.044588,1.000481,0.978978,1.033454
3.973410,1.038648,1.021635,1.026476,1.020356,1.027282,1.028322,1.027224,1.027150,1.043170,1.028386,1.027686,1.018939,1.027513,1.027634,1.034392,1.038974,1.037814,1.033567,1.041157,0.980127,1.037488,1.037775,1.037682,1.042136,1.035040,1.045407,1.040931,1.032879,1.023850,0.972852,0.971555,0.966452,0.976247,0.979729,1.008980,1.044674,1.000524,0.979024,1.033483
3.981740,1.038718,1.021741,1.026570,1.020441,1.027362,1.028401,1.027300,1.027224,1.043219,1.028467,1.027767,1.019021,1.027596,1.027721,1.034485,1.039066,1.037902,1.033657,1.041248,0.980218,1.037581,1.037868,1.037776,1.042229,1.035094,1.045473,1.041006,1.032939,1.023908,0.972986,0.971628,0.966525,0.976319,0.979827,1.009066,1.044766,1.000572,0.979076,1.033512
3.990070,1.038791,1.021853,1.026668,1.020530,1.027445,1.028485,1.027380,1.027302,1.043269,1.028554,1.027852,1.019108,1.027684,1.027813,1.034583,1.039165,1.037995,1.033752,1.041344,0.980316,1.037681,1.037967,1.037876,1.042328,1.035154,1.045545,1.041086,1.033004,1.023972,0.973127,0.971705,0.966603,0.976396,0.979932,1.009157,1.044866,1.000624,0.979134,1.033542
3.998400,1.038865,1.021971,1.026773,1.020624,1.027532,1.028572,1.027464,1.027384,1.043321,1.028645,1.027942,1.019199,1.027776,1.027909,1.034687,1.039269,1.038095,1.033854,1.041448,0.980420,1.037787,1.038072,1.037983,1.042432,1.035220,1.045623,1.041173,1.033077,1.024042,0.973277,0.971787,0.966685,0.976481,0.980045,1.009255,1.044974,1.000680,0.979200,1.033571
4.006730,1.038941,1.022095,1.026882,1.020722,1.027624,1.028663,1.027551,1.027470,1.043374,1.028740,1.028036,1.019295,1.027874,1.028010,1.034796,1.039379,1.038200,1.033961,1.041558,0.980531,1.037899,1.038183,1.038096,1.042543,1.035291,1.045707,1.041266,1.033156,1.024120,0.973435,0.971872,0.966771,0.976572,0.980165,1.009359,1.045089,1.000742,0.979272,1.033601
4.015060,1.039018,1.022225,1.026997,1.020825,1.027720,1.028759,1.027643,1.027560,1.043430,1.028840,1.028135,1.019395,1.027975,1.028117,1.034911,1.039495,1.038311,1.034074,1.041675,0.980650,1.038017,1.038301,1.038216,1.042660,1.035368,1.045798,1.041365,1.033242,1.024205,0.973601,0.971962,0.966862,0.976669,0.980293,1.009469,1.045212,1.000809,0.979351,1.033631
4.023390,1.039098,1.022360,1.027118,1.020933,1.027820,1.028859,1.027739,1.027653,1.043487,1.028944,1.028238,1.019500,1.028082,1.028228,1.035032,1.039618,1.038429,1.034192,1.041800,0.980775,1.038142,1.038426,1.038343,1.042783,1.035451,1.045895,1.041470,1.033335,1.024296,0.973775,0.972056,0.966957,0.976774,0.980429,1.009586,1.045343,1.000882,0.979438,1.033662
4.031720,1.039179,1.022501,1.027244,1.021045,1.027924,1.028964,1.027838,1.027751,1.043545,1.029053,1.028345,1.019609,1.028193,1.028343,1.035159,1.039747,1.038553,1.034317,1.041931,0.980908,1.038273,1.038558,1.038477,1.042912,1.035540,1.045999,1.041582,1.033435,1.024396,0.973956,0.972154,0.967056,0.976885,0.980572,1.009709,1.045482,1.000960,0.979532,1.033692
4.040050,1.039262,1.022647,1.027376,1.021162,1.028033,1.029072,1.027942,1.027852,1.043606,1.029167,1.028457,1.019723,1.028308,1.028464,1.035291,1.039882,1.038683,1.034448,1.042070,0.981048,1.038411,1.038696,1.038618,1.043048,1.035635,1.046109,1.041701,1.033543,1.024502,0.974143,0.972257,0.967160,0.977003,0.980724,1.009839,1.045630,1.001044,0.979633,1.033723
4.048380,1.039346,1.022798,1.027512,1.021284,1.028146,1.029185,1.028049,1.027957,1.043668,1.029285,1.028574,1.019842,1.028428,1.028590,1.035429,1.040023,1.038818,1.034584,1.042216,0.981195,1.038555,1.038841,1.038766,1.043190,1.035737,1.046227,1.041826,1.033658,1.024617,0.974337,0.972363,0.967268,0.977129,0.980884,1.009975,1.045785,1.001134,0.979743,1.033754
4.056710,1.039432,1.022954,1.027654,1.021410,1.028263,1.029302,1.028161,1.028066,1.043731,1.029408,1.028695,1.019965,1.028553,1.028720,1.035573,1.040171,1.038960,1.034726,1.042368,0.981350,1.038706,1.038993,1.038921,1.043339,1.035846,1.046351,1.041957,1.033780,1.024739,0.974538,0.972473,0.967380,0.977261,0.981052,1.010117,1.045948,1.001230,0.979860,1.033786
4.065040,1.039519,1.023114,1.027801,1.021541,1.028384,1.029423,1.028276,1.028178,1.043797,1.029534,1.028820,1.020092,1.028682,1.028855,1.035722,1.040324,1.039108,1.034874,1.042528,0.981512,1.038862,1.039151,1.039082,1.043493,1.035961,1.046482,1.042095,1.033910,1.024868,0.974743,0.972587,0.967497,0.977400,0.981227,1.010266,1.046120,1.001332,0.979984,1.033817
4.073370,1.039607,1.023279,1.027952,1.021676,1.028508,1.029548,1.028394,1.028294,1.043863,1.029665,1.028949,1.020223,1.028816,1.028994,1.035876,1.040484,1.039262,1.035027,1.042695,0.981681,1.039025,1.039315,1.039250,1.043653,1.036083,1.046621,1.042240,1.034047,1.025005,0.974954,0.972705,0.967617,0.977546,0.981411,1.010421,1.046299,1.001440,0.980117,1.033848
4.081700,1.039696,1.023448,1.028109,1.021815,1.028637,1.029676,1.028517,1.028413,1.043931,1.029801,1.029082,1.020359,1.028953,1.029138,1.036036,1.040649,1.039422,1.035185,1.042869,0.981856,1.039194,1.039486,1.039425,1.043820,1.036211,1.046765,1.042390,1.034192,1.025150,0.975169,0.972827,0.967742,0.977698,0.981602,1.010582,1.046485,1.001555,0.980257,1.033880
4.090030,1.039786,1.023620,1.028269,1.021958,1.028769,1.029808,1.028642,1.028535,1.044000,1.029940,1.029219,1.020498,1.029095,1.029286,1.036201,1.040820,1.039587,1.035348,1.043049,0.982039,1.039369,1.039663,1.039606,1.043992,1.036346,1.046917,1.042547,1.034344,1.025302,0.975389,0.972952,0.967870,0.977857,0.981801,1.010749,1.046680,1.001675,0.980404,1.033911
4.098360,1.039877,1.023796,1.028434,1.022105,1.028905,1.029944,1.028771,1.028661,1.044071,1.030082,1.029359,1.020641,1.029240,1.029438,1.036371,1.040996,1.039757,1.035516,1.043235,0.982228,1.039549,1.039846,1.039793,1.044169,1.036488,1.047075,1.042710,1.034503,1.025461,0.975611,0.973080,0.968002,0.978022,0.982008,1.010922,1.046881,1.001802,0.980559,1.033942
4.106690,1.039968,1.023974,1.028602,1.022255,1.029043,1.030082,1.028903,1.028790,1.044143,1.030229,1.029503,1.020788,1.029389,1.029594,1.036546,1.041178,1.039932,1.035689,1.043428,0.982424,1.039735,1.040035,1.039986,1.044352,1.036636,1.047240,1.042879,1.034669,1.025628,0.975837,0.973211,0.968138,0.978193,0.982222,1.011100,1.047090,1.001936,0.980721,1.033973
4.115020,1.040059,1.024156,1.028774,1.022409,1.029185,1.030224,1.029038,1.028921,1.044215,1.030378,1.029650,1.020938,1.029542,1.029753,1.036725,1.041364,1.040113,1.035866,1.043627,0.982626,1.039926,1.040228,1.040185,1.044540,1.036790,1.047410,1.043054,1.034842,1.025802,0.976065,0.973346,0.968277,0.978371,0.982442,1.011283,1.047305,1.002075,0.980891,1.034004
4.123350,1.040151,1.024339,1.028949,1.022566,1.029330,1.030369,1.029175,1.029055,1.044288,1.030531,1.029800,1.021091,1.029697,1.029916,1.036908,1.041556,1.040298,1.036048,1.043832,0.982834,1.040121,1.040428,1.040389,1.044733,1.036950,1.047587,1.043234,1.035022,1.025983,0.976295,0.973482,0.968418,0.978554,0.982670,1.011472,1.047527,1.002220,0.981068,1.034034
4.131680,1.040243,1.024525,1.029128,1.022726,1.029477,1.030516,1.029315,1.029191,1.044362,1.030687,1.029954,1.021247,1.029856,1.030082,1.037096,1.041752,1.040487,1.036233,1.044042,0.983048,1.040322,1.040632,1.040598,1.044930,1.037117,1.047770,1.043419,1.035209,1.026170,0.976526,0.973622,0.968563,0.978742,0.982904,1.011665,1.047755,1.002372,0.981251,1.034064
4.140010,1.040334,1.024712,1.029309,1.022889,1.029627,1.030666,1.029457,1.029329,1.044437,1.030846,1.030109,1.021406,1.030017,1.030250,1.037287,1.041952,1.040681,1.036422,1.044257,0.983267,1.040527,1.040840,1.040812,1.045132,1.037289,1.047959,1.043609,1.035401,1.026364,0.976758,0.973763,0.968711,0.978935,0.983144,1.011863,1.047988,1.002529,0.981441,1.034094
4.148340,1.040426,1.024900,1.029492,1.023054,1.029779,1.030818,1.029601,1.029469,1.044512,1.031006,1.030267,1.021567,1.030181,1.030422,1.037482,1.042156,1.040878,1.036614,1.044477,0.983492,1.040736,1.041053,1.041030,1.045338,1.037467,1.048152,1.043804,1.035600,1.026563,0.976991,0.973907,0.968860,0.979134,0.983390,1.012065,1.048227,1.002691,0.981637,1.034123
4.156670,1.040516,1.025089,1.029678,1.023222,1.029933,1.030972,1.029747,1.029611,1.044588,1.031170,1.030427,1.021730,1.030347,1.030596,1.037680,1.042364,1.041079,1.036809,1.044702,0.983721,1.040948,1.041270,1.041253,1.045547,1.037651,1.048351,1.044003,1.035804,1.026769,0.977223,0.974052,0.969012,0.979336,0.983641,1.012271,1.048471,1.002859,0.981839,1.034151
4.165000,1.040607,1.025278,1.029865,1.023391,1.030089,1.031127,1.029894,1.029754,1.044663,1.031335,1.030589,1.021896,1.030515,1.030771,1.037881,1.042575,1.041284,1.037007,1.044931,0.983954,1.041164,1.041491,1.041479,1.045760,1.037840,1.048555,1.044207,1.036014,1.026981,0.977454,0.974199,0.969166,0.979543,0.983897,1.012481,1.048720,1.003032,0.982047,1.034178
4.173330,1.040696,1.025468,1.030054,1.023562,1.030246,1.031284,1.030043,1.029899,1.044739,1.031501,1.030753,1.022063,1.030685,1.030949,1.038084,1.042789,1.041491,1.037207,1.045163,0.984192,1.041384,1.041715,1.041709,1.045976,1.038033,1.048763,1.044414,1.036229,1.027197,0.977685,0.974347,0.969322,0.979754,0.984159,1.012693,1.048973,1.003211,0.982260,1.034205
4.181660,1.040785,1.025658,1.030245,1.023734,1.030404,1.031443,1.030193,1.030045,1.044814,1.031669,1.030918,1.022231,1.030856,1.031129,1.038290,1.043005,1.041701,1.037410,1.045399,0.984434,1.041606,1.041942,1.041942,1.046195,1.038232,1.048976,1.044625,1.036449,1.027419,0.977914,0.974496,0.969479,0.979969,0.984424,1.012909,1.049229,1.003394,0.982478,1.034231
4.189990,1.040872,1.025847,1.030436,1.023908,1.030563,1.031602,1.030343,1.030191,1.044889,1.031839,1.031084,1.022400,1.031029,1.031309,1.038497,1.043224,1.041913,1.037614,1.045639,0.984679,1.041830,1.042171,1.042178,1.046416,1.038434,1.049192,1.044839,1.036673,1.027645,0.978141,0.974646,0.969638,0.980186,0.984693,1.013127,1.049489,1.003582,0.982701,1.034256
4.198320,1.040958,1.026035,1.030627,1.024083,1.030723,1.031762,1.030494,1.030338,1.044964,1.032009,1.031251,1.022571,1.031202,1.031491,1.038707,1.043445,1.042127,1.037819,1.045881,0.984927,1.042057,1.042403,1.042416,1.046640,1.038641,1.049412,1.045056,1.036902,1.027875,0.978365,0.974796,0.969797,0.980406,0.984966,1.013347,1.049752,1.003773,0.982929,1.034280
4.206650,1.041043,1.026222,1.030820,1.024258,1.030883,1.031922,1.030646,1.030486,1.045039,1.032180,1.031418,1.022742,1.031376,1.031673,1.038917,1.043668,1.042342,1.038026,1.046125,0.985178,1.042285,1.042636,1.042655,1.046865,1.038852,1.049635,1.045276,1.037134,1.028109,0.978587,0.974947,0.969957,0.980629,0.985242,1.013570,1.050017,1.003969,0.983160,1.034302
4.214980,1.041126,1.026408,1.031012,1.024433,1.031044,1.032083,1.030798,1.030633,1.045113,1.032351,1.031586,1.022913,1.031551,1.031856,1.039129,1.043892,1.042559,1.038234,1.046371,0.985430,1.042515,1.042871,1.042897,1.047091,1.039066,1.049861,1.045498,1.037369,1.028347,0.978806,0.975097,0.970118,0.980854,0.985520,1.013793,1.050284,1.004169,0.983395,1.034324
4.223310,1.041208,1.026593,1.031203,1.024609,1.031205,1.032243,1.030950,1.030780,1.045185,1.032522,1.031754,1.023085,1.031726,1.032039,1.039341,1.044117,1.042777,1.038442,1.046619,0.985685,1.042745,1.043107,1.043139,1.047319,1.039283,1.050090,1.045721,1.037608,1.028588,0.979022,0.975248,0.970278,0.981080,0.985801,1.014018,1.050553,1.004372,0.983633,1.034345
4.231640,1.041288,1.026775,1.031395,1.024784,1.031365,1.032403,1.031101,1.030927,1.045258,1.032693,1.031921,1.023256,1.031900,1.032222,1.039554,1.044343,1.042996,1.038650,1.046868,0.985941,1.042977,1.043344,1.043383,1.047547,1.039503,1.050321,1.045946,1.037849,1.028831,0.979234,0.975398,0.970439,0.981308,0.986083,1.014244,1.050823,1.004578,0.983874,1.034364
4.239970,1.041366,1.026956,1.031585,1.024959,1.031525,1.032563,1.031252,1.031074,1.045329,1.032864,1.032088,1.023427,1.032074,1.032405,1.039767,1.044569,1.043215,1.038858,1.047118,0.986198,1.043208,1.043581,1.043626,1.047775,1.039726,1.050553,1.046172,1.038092,1.029077,0.979443,0.975547,0.970599,0.981537,0.986367,1.014470,1.051093,1.004787,0.984117,1.034382
4.248300,1.041443,1.027134,1.031775,1.025134,1.031684,1.032722,1.031402,1.031219,1.045399,1.033034,1.032255,1.023597,1.032247,1.032587,1.039979,1.044795,1.043434,1.039065,1.047368,0.986456,1.043439,1.043819,1.043870,1.048004,1.039950,1.050787,1.046399,1.038337,1.029324,0.979647,0.975696,0.970759,0.981766,0.986651,1.014696,1.051364,1.004998,0.984363,1.034398
4.256630,1.041517,1.027310,1.031963,1.025307,1.031841,1.032880,1.031551,1.031364,1.045467,1.033203,1.032420,1.023766,1.032420,1.032768,1.040191,1.045020,1.043652,1.039272,1.047618,0.986714,1.043670,1.044055,1.044113,1.048232,1.040176,1.051022,1.046626,1.038584,1.029573,0.979847,0.975843,0.970918,0.981995,0.986936,1.014922,1.051634,1.005211,0.984609,1.034413
4.264960,1.041589,1.027483,1.032149,1.025479,1.031998,1.033036,1.031698,1.031507,1.045534,1.033371,1.032584,1.023934,1.032591,1.032948,1.040402,1.045245,1.043870,1.039478,1.047867,0.986971,1.043901,1.044291,1.044356,1.048459,1.040403,1.051257,1.046854,1.038831,1.029823,0.980043,0.975989,0.971076,0.982224,0.987220,1.015147,1.051903,1.005426,0.984857,1.034427
4.273290,1.041659,1.027653,1.032334,1.025650,1.032153,1.033191,1.031844,1.031649,1.045600,1.033538,1.032747,1.024101,1.032761,1.033127,1.040612,1.045468,1.044086,1.039682,1.048116,0.987228,1.044130,1.044526,1.044597,1.048686,1.040632,1.051493,1.047081,1.039079,1.030074,0.980235,0.976134,0.971233,0.982452,0.987504,1.015371,1.052170,1.005642,0.985106,1.034439
4.281620,1.041727,1.027820,1.032516,1.025819,1.032307,1.033345,1.031989,1.031789,1.045664,1.033702,1.032908,1.024266,1.032929,1.033304,1.040820,1.045690,1.044302,1.039885,1.048363,0.987484,1.044357,1.044759,1.044836,1.048910,1.040861,1.051728,1.047307,1.039327,1.030324,0.980421,0.976276,0.971388,0.982679,0.987787,1.015593,1.052437,1.005859,0.985355,1.034450
4.289950,1.041792,1.027983,1.032696,1.025986,1.032459,1.033496,1.032132,1.031928,1.045727,1.033865,1.033068,1.024429,1.033096,1.033479,1.041027,1.045911,1.044515,1.040086,1.048609,0.987738,1.044583,1.044990,1.045074,1.049134,1.041090,1.051963,1.047532,1.039575,1.030575,0.980603,0.976417,0.971541,0.982905,0.988068,1.015814,1.052700,1.006077,0.985603,1.034459
4.298280,1.041856,1.028144,1.032874,1.026151,1.032608,1.033646,1.032272,1.032064,1.045787,1.034026,1.033225,1.024589,1.033260,1.033652,1.041231,1.046129,1.044727,1.040284,1.048853,0.987991,1.044806,1.045220,1.045309,1.049355,1.041318,1.052197,1.047756,1.039822,1.030824,0.980780,0.976555,0.971693,0.983129,0.988347,1.016033,1.052962,1.006295,0.985851,1.034467
4.306610,1.041916,1.028301,1.033049,1.026314,1.032755,1.033793,1.032411,1.032198,1.045846,1.034185,1.033379,1.024748,1.033422,1.033822,1.041433,1.046345,1.044936,1.040481,1.049095,0.988241,1.045027,1.045446,1.045542,1.049573,1.041547,1.052430,1.047978,1.040068,1.031073,0.980953,0.976691,0.971842,0.983351,0.988624,1.016250,1.053220,1.006513,0.986098,1.034473
4.314940,1.041974,1.028454,1.033221,1.026474,1.032900,1.033937,1.032547,1.032330,1.045903,1.034341,1.033532,1.024904,1.033581,1.033990,1.041632,1.046558,1.045143,1.040674,1.049333,0.988489,1.045245,1.045670,1.045772,1.049790,1.041774,1.052661,1.048198,1.040312,1.031320,0.981120,0.976824,0.971989,0.983571,0.988898,1.016463,1.053474,1.006731,0.986343,1.034477
4.323270,1.042030,1.028603,1.033389,1.026632,1.033042,1.034079,1.032680,1.032459,1.045958,1.034494,1.033681,1.025057,1.033737,1.034155,1.041828,1.046768,1.045347,1.040864,1.049569,0.988734,1.045460,1.045890,1.045998,1.050003,1.042000,1.052889,1.048416,1.040554,1.031565,0.981282,0.976955,0.972133,0.983787,0.989169,1.016674,1.053725,1.006947,0.986586,1.034480
4.331600,1.042083,1.028749,1.033555,1.026787,1.033182,1.034218,1.032811,1.032585,1.046010,1.034644,1.033828,1.025208,1.033891,1.034317,1.042021,1.046975,1.045547,1.041052,1.049801,0.988975,1.045672,1.046107,1.046220,1.050212,1.042224,1.053116,1.048631,1.040794,1.031807,0.981439,0.977083,0.972275,0.984001,0.989437,1.016881,1.053972,1.007162,0.986827,1.034481
4.339930,1.042134,1.028890,1.033717,1.026938,1.033318,1.034354,1.032938,1.032709,1.046061,1.034791,1.033971,1.025355,1.034041,1.034476,1.042211,1.047179,1.045745,1.041235,1.050030,0.989213,1.045880,1.046320,1.046439,1.050419,1.042446,1.053340,1.048843,1.041031,1.032047,0.981592,0.977207,0.972413,0.984210,0.989700,1.017085,1.054213,1.007376,0.987066,1.034480
4.348260,1.042183,1.029030,1.033876,1.027087,1.033452,1.034488,1.033064,1.032830,1.046110,1.034936,1.034112,1.025500,1.034189,1.034633,1.042398,1.047379,1.045940,1.041417,1.050256,0.989449,1.046085,1.046531,1.046655,1.050623,1.042666,1.053561,1.049052,1.041267,1.032285,0.981741,0.977330,0.972550,0.984418,0.989961,1.017286,1.054452,1.007589,0.987302,1.034478
4.356590,1.042228,1.029164,1.034031,1.027233,1.033582,1.034618,1.033186,1.032948,1.046156,1.035077,1.034250,1.025641,1.034333,1.034785,1.042581,1.047575,1.046130,1.041594,1.050476,0.989678,1.046286,1.046735,1.046865,1.050821,1.042884,1.053779,1.049258,1.041498,1.032519,0.981884,0.977449,0.972683,0.984620,0.990215,1.017482,1.054684,1.007799,0.987535,1.034474
4.364920,1.042271,1.029293,1.034182,1.027374,1.033709,1.034744,1.033304,1.033062,1.046200,1.035214,1.034383,1.025778,1.034474,1.034934,1.042759,1.047767,1.046316,1.041766,1.050692,0.989904,1.046481,1.046936,1.047071,1.051016,1.043098,1.053993,1.049459,1.041725,1.032748,0.982021,0.977563,0.972812,0.984819,0.990464,1.017674,1.054910,1.008006,0.987763,1.034469
4.373250,1.042311,1.029418,1.034328,1.027512,1.033832,1.034867,1.033419,1.033173,1.046241,1.035347,1.034513,1.025911,1.034610,1.035079,1.042933,1.047954,1.046497,1.041934,1.050903,0.990124,1.046672,1.047131,1.047271,1.051206,1.043308,1.054202,1.049656,1.041948,1.032973,0.982153,0.977675,0.972937,0.985012,0.990709,1.017861,1.055130,1.008211,0.987987,1.034461
4.381580,1.042350,1.029541,1.034472,1.027647,1.033952,1.034987,1.033531,1.033282,1.046280,1.035478,1.034640,1.026042,1.034744,1.035221,1.043105,1.048138,1.046676,1.042100,1.051111,0.990341,1.046860,1.047323,1.047468,1.051393,1.043516,1.054410,1.049851,1.042169,1.033196,0.982283,0.977784,0.973060,0.985203,0.990950,1.018045,1.055347,1.008413,0.988208,1.034453
4.389910,1.042385,1.029658,1.034610,1.027777,1.034067,1.035102,1.033639,1.033385,1.046317,1.035603,1.034762,1.026167,1.034872,1.035357,1.043269,1.048315,1.046848,1.042259,1.051311,0.990550,1.047041,1.047508,1.047656,1.051572,1.043719,1.054610,1.050038,1.042382,1.033412,0.982405,0.977887,0.973178,0.985386,0.991181,1.018221,1.055553,1.008611,0.988422,1.034442
4.398240,1.042417,1.029770,1.034743,1.027903,1.034179,1.035213,1.033742,1.033485,1.046350,1.035724,1.034880,1.026288,1.034996,1.035489,1.043429,1.048488,1.047016,1.042413,1.051506,0.990755,1.047216,1.047687,1.047840,1.051748,1.043917,1.054806,1.050221,1.042591,1.033622,0.982523,0.977987,0.973291,0.985565,0.991408,1.018393,1.055754,1.008804,0.988632,1.034429
4.406570,1.042446,1.029878,1.034872,1.028024,1.034286,1.035320,1.033842,1.033582,1.046381,1.035841,1.034994,1.026405,1.035116,1.035616,1.043584,1.048655,1.047178,1.042562,1.051695,0.990953,1.047386,1.047861,1.048018,1.051917,1.044110,1.054996,1.050399,1.042794,1.033827,0.982635,0.978083,0.973401,0.985738,0.991627,1.018560,1.055947,1.008993,0.988835,1.034415
4.414900,1.042473,1.029981,1.034996,1.028141,1.034389,1.035423,1.033938,1.033674,1.046409,1.035953,1.035103,1.026518,1.035231,1.035739,1.043734,1.048816,1.047335,1.042706,1.051877,0.991145,1.047550,1.048028,1.048189,1.052081,1.044298,1.055181,1.050571,1.042991,1.034026,0.982743,0.978174,0.973506,0.985905,0.991840,1.018720,1.056133,1.009178,0.989033,1.034399
4.423230,1.042497,1.030079,1.035115,1.028253,1.034487,1.035521,1.034029,1.033762,1.046435,1.036061,1.035207,1.026625,1.035342,1.035857,1.043878,1.048971,1.047486,1.042845,1.052054,0.991330,1.047708,1.048189,1.048353,1.052239,1.044481,1.055360,1.050738,1.043182,1.034219,0.982845,0.978261,0.973607,0.986066,0.992046,1.018874,1.056310,1.009357,0.989224,1.034381
4.431560,1.042518,1.030173,1.035228,1.028361,1.034582,1.035615,1.034116,1.033845,1.046458,1.036164,1.035307,1.026728,1.035448,1.035971,1.044016,1.049121,1.047631,1.042978,1.052223,0.991509,1.047860,1.048343,1.048511,1.052391,1.044658,1.055533,1.050898,1.043367,1.034405,0.982943,0.978344,0.973704,0.986220,0.992244,1.019022,1.056480,1.009532,0.989409,1.034362
4.439890,1.042536,1.030262,1.035337,1.028464,1.034671,1.035704,1.034199,1.033925,1.046478,1.036262,1.035402,1.026827,1.035549,1.036079,1.044149,1.049264,1.047770,1.043106,1.052386,0.991681,1.048006,1.048491,1.048662,1.052537,1.044829,1.055699,1.051052,1.043545,1.034585,0.983035,0.978423,0.973795,0.986369,0.992434,1.019164,1.056642,1.009701,0.989587,1.034341
4.448220,1.042552,1.030346,1.035441,1.028562,1.034756,1.035788,1.034277,1.034000,1.046495,1.036355,1.035493,1.026920,1.035645,1.036182,1.044276,1.049402,1.047904,1.043228,1.052543,0.991846,1.048145,1.048633,1.048806,1.052676,1.044994,1.055860,1.051200,1.043716,1.034757,0.983123,0.978497,0.973882,0.986511,0.992617,1.019300,1.056796,1.009864,0.989759,1.034318
4.456550,1.042565,1.030426,1.035539,1.028655,1.034837,1.035868,1.034351,1.034071,1.046510,1.036443,1.035579,1.027009,1.035736,1.036280,1.044397,1.049533,1.048031,1.043344,1.052692,0.992004,1.048277,1.048767,1.048942,1.052810,1.045153,1.056013,1.051342,1.043880,1.034923,0.983206,0.978566,0.973965,0.986647,0.992792,1.019429,1.056941,1.010022,0.989923,1.034293
4.464880,1.042575,1.030500,1.035632,1.028744,1.034912,1.035944,1.034421,1.034137,1.046521,1.036527,1.035659,1.027092,1.035822,1.036373,1.044512,1.049657,1.048152,1.043454,1.052834,0.992155,1.048403,1.048895,1.049072,1.052937,1.045305,1.056160,1.051477,1.044037,1.035081,0.983284,0.978631,0.974042,0.986776,0.992960,1.019552,1.057078,1.010173,0.990080,1.034267
4.473210,1.042583,1.030570,1.035720,1.028827,1.034983,1.036014,1.034485,1.034200,1.046530,1.036605,1.035735,1.027171,1.035903,1.036460,1.044621,1.049775,1.048267,1.043559,1.052969,0.992298,1.048522,1.049016,1.049195,1.053057,1.045451,1.056300,1.051606,1.044187,1.035232,0.983357,0.978691,0.974115,0.986898,0.993119,1.019668,1.057206,1.010319,0.990229,1.034240
4.481540,1.042588,1.030635,1.035802,1.028905,1.035049,1.036080,1.034546,1.034257,1.046536,1.036678,1.035806,1.027244,1.035978,1.036542,1.044724,1.049887,1.048375,1.043657,1.053097,0.992435,1.048635,1.049129,1.049310,1.053170,1.045590,1.056432,1.051728,1.044329,1.035375,0.983425,0.978747,0.974183,0.987013,0.993270,1.019777,1.057326,1.010458,0.990371,1.034210
4.489870,1.042590,1.030695,1.035879,1.028978,1.035111,1.036141,1.034601,1.034310,1.046539,1.036747,1.035872,1.027313,1.036049,1.036619,1.044821,1.049992,1.048477,1.043750,1.053217,0.992563,1.048741,1.049236,1.049418,1.053277,1.045722,1.056558,1.051842,1.044464,1.035510,0.983488,0.978798,0.974246,0.987122,0.993413,1.019879,1.057437,1.010590,0.990505,1.034179
4.498200,1.042589,1.030751,1.035950,1.029046,1.035167,1.036197,1.034653,1.034359,1.046540,1.036810,1.035933,1.027376,1.036114,1.036691,1.044912,1.050090,1.048572,1.043836,1.053331,0.992685,1.048840,1.049335,1.049518,1.053378,1.045847,1.056676,1.051950,1.044591,1.035638,0.983547,0.978845,0.974304,0.987224,0.993547,1.019975,1.057540,1.010716,0.990631,1.034147
4.506530,1.042586,1.030801,1.036016,1.029109,1.035219,1.036248,1.034699,1.034403,1.046538,1.036868,1.035988,1.027434,1.036175,1.036757,1.044996,1.050182,1.048661,1.043916,1.053437,0.992798,1.048931,1.049428,1.049611,1.053471,1.045964,1.056787,1.052051,1.044710,1.035758,0.983601,0.978887,0.974357,0.987319,0.993674,1.020064,1.057634,1.010836,0.990749,1.034113
4.514860,1.042581,1.030847,1.036076,1.029166,1.035266,1.036295,1.034741,1.034443,1.046533,1.036920,1.036039,1.027487,1.036230,1.036818,1.045074,1.050267,1.048744,1.043990,1.053535,0.992905,1.049017,1.049513,1.049697,1.053558,1.046075,1.056891,1.052145,1.044821,1.035869,0.983650,0.978924,0.974406,0.987407,0.993792,1.020146,1.057720,1.010948,0.990859,1.034077
4.523190,1.042572,1.030888,1.036131,1.029219,1.035308,1.036336,1.034778,1.034478,1.046525,1.036968,1.036085,1.027535,1.036279,1.036873,1.045146,1.050345,1.048819,1.044058,1.053626,0.993003,1.049095,1.049591,1.049775,1.053638,1.046178,1.056987,1.052232,1.044924,1.035973,0.983694,0.978957,0.974449,0.987489,0.993901,1.020222,1.057796,1.011053,0.990962,1.034040
4.531520,1.042561,1.030924,1.036180,1.029266,1.035345,1.036373,1.034811,1.034508,1.046514,1.037010,1.036125,1.027578,1.036324,1.036923,1.045212,1.050417,1.048889,1.044119,1.053710,0.993095,1.049166,1.049662,1.049846,1.053711,1.046274,1.057076,1.052312,1.045020,1.036069,0.983733,0.978985,0.974487,0.987563,0.994003,1.020290,1.057864,1.011151,0.991056,1.034002
4.539850,1.042547,1.030955,1.036224,1.029308,1.035378,1.036405,1.034839,1.034534,1.046501,1.037048,1.036161,1.027615,1.036363,1.036967,1.045271,1.050482,1.048951,1.044175,1.053787,0.993179,1.049230,1.049726,1.049909,1.053778,1.046362,1.057157,1.052385,1.045107,1.036156,0.983767,0.979009,0.974521,0.987631,0.994096,1.020352,1.057924,1.011242,0.991142,1.033962
4.548180,1.042531,1.030981,1.036262,1.029345,1.035405,1.036432,1.034862,1.034556,1.046485,1.037080,1.036192,1.027648,1.036398,1.037007,1.045324,1.050540,1.049008,1.044224,1.053856,0.993255,1.049288,1.049782,1.049966,1.053837,1.046443,1.057230,1.052450,1.045187,1.036236,0.983796,0.979028,0.974550,0.987692,0.994182,1.020407,1.057975,1.011327,0.991220,1.033920
4.556510,1.042513,1.031002,1.036295,1.029377,1.035428,1.036454,1.034881,1.034573,1.046466,1.037107,1.036217,1.027675,1.036427,1.037040,1.045371,1.050592,1.049057,1.044267,1.053918,0.993324,1.049339,1.049832,1.050014,1.053890,1.046517,1.057296,1.052509,1.045258,1.036307,0.983821,0.979043,0.974573,0.987746,0.994259,1.020456,1.058018,1.011403,0.991290,1.033878
4.564840,1.042491,1.031019,1.036322,1.029404,1.035446,1.036472,1.034895,1.034586,1.046445,1.037129,1.036238,1.027698,1.036451,1.037069,1.045412,1.050637,1.049100,1.044304,1.053973,0.993386,1.049383,1.049875,1.050056,1.053937,1.046583,1.057355,1.052560,1.045322,1.036370,0.983840,0.979053,0.974592,0.987794,0.994328,1.020497,1.058053,1.011473,0.991352,1.033834
4.573170,1.042468,1.031030,1.036344,1.029426,1.035460,1.036485,1.034905,1.034594,1.046421,1.037147,1.036254,1.027715,1.036469,1.037092,1.045446,1.050676,1.049137,1.044335,1.054021,0.993441,1.049420,1.049911,1.050090,1.053977,1.046641,1.057406,1.052605,1.045378,1.036426,0.983855,0.979059,0.974607,0.987835,0.994390,1.020533,1.058079,1.011536,0.991406,1.033788
4.581500,1.042441,1.031037,1.036360,1.029442,1.035468,1.036493,1.034910,1.034598,1.046395,1.037159,1.036264,1.027727,1.036483,1.037110,1.045475,1.050708,1.049167,1.044360,1.054062,0.993488,1.049451,1.049939,1.050118,1.054010,1.046692,1.057450,1.052642,1.045425,1.036473,0.983865,0.979060,0.974616,0.987869,0.994443,1.020561,1.058097,1.011591,0.991453,1.033741
4.589830,1.042413,1.031039,1.036372,1.029454,1.035472,1.036496,1.034911,1.034597,1.046366,1.037166,1.036271,1.027735,1.036492,1.037123,1.045497,1.050734,1.049191,1.044379,1.054096,0.993528,1.049475,1.049962,1.050138,1.054037,1.046736,1.057487,1.052673,1.045466,1.036513,0.983870,0.979058,0.974621,0.987898,0.994489,1.020583,1.058108,1.011640,0.991491,1.033694
4.598160,1.042382,1.031037,1.036377,1.029461,1.035472,1.036495,1.034908,1.034593,1.046335,1.037168,1.036272,1.027738,1.036496,1.037130,1.045514,1.050753,1.049209,1.044393,1.054123,0.993562,1.049492,1.049977,1.050152,1.054057,1.046773,1.057516,1.052697,1.045498,1.036545,0.983870,0.979050,0.974621,0.987920,0.994528,1.020599,1.058110,1.011681,0.991522,1.033644
4.606490,1.042348,1.031029,1.036378,1.029462,1.035467,1.036490,1.034900,1.034584,1.046301,1.037166,1.036269,1.027735,1.036495,1.037133,1.045525,1.050766,1.049220,1.044400,1.054143,0.993589,1.049504,1.049986,1.050159,1.054071,1.046802,1.057538,1.052714,1.045523,1.036569,0.983865,0.979039,0.974617,0.987936,0.994559,1.020609,1.058105,1.011715,0.991545,1.033594
4.614820,1.042312,1.031017,1.036374,1.029460,1.035458,1.036480,1.034888,1.034571,1.046265,1.037159,1.036261,1.027729,1.036489,1.037131,1.045530,1.050773,1.049226,1.044402,1.054157,0.993609,1.049509,1.049989,1.050159,1.054079,1.046825,1.057553,1.052725,1.045541,1.036586,0.983855,0.979024,0.974609,0.987946,0.994583,1.020613,1.058093,1.011743,0.991561,1.033543
4.623150,1.042274,1.031001,1.036364,1.029452,1.035444,1.036466,1.034872,1.034554,1.046227,1.037147,1.036248,1.027717,1.036479,1.037123,1.045530,1.050775,1.049226,1.044398,1.054165,0.993623,1.049508,1.049986,1.050153,1.054081,1.046840,1.057562,1.052729,1.045551,1.036596,0.983840,0.979005,0.974596,0.987951,0.994600,1.020611,1.058073,1.011764,0.991570,1.033490
4.631480,1.042234,1.030980,1.036350,1.029440,1.035426,1.036447,1.034852,1.034534,1.046186,1.037131,1.036231,1.027701,1.036464,1.037111,1.045524,1.050770,1.049220,1.044389,1.054167,0.993630,1.049501,1.049976,1.050141,1.054077,1.046849,1.057563,1.052727,1.045555,1.036598,0.983821,0.978982,0.974579,0.987949,0.994610,1.020603,1.058047,1.011778,0.991572,1.033437
4.639810,1.042192,1.030954,1.036330,1.029423,1.035404,1.036425,1.034828,1.034509,1.046143,1.037111,1.036210,1.027681,1.036445,1.037095,1.045512,1.050760,1.049208,1.044374,1.054162,0.993632,1.049488,1.049961,1.050122,1.054067,1.046851,1.057559,1.052718,1.045551,1.036594,0.983796,0.978955,0.974557,0.987943,0.994614,1.020589,1.058013,1.011786,0.991567,1.033382
4.648140,1.042147,1.030924,1.036306,1.029402,1.035378,1.036398,1.034801,1.034480,1.046098,1.037086,1.036185,1.027657,1.036421,1.037074,1.045496,1.050744,1.049190,1.044354,1.054152,0.993627,1.049470,1.049939,1.050098,1.054052,1.046847,1.057547,1.052704,1.045541,1.036583,0.983768,0.978924,0.974532,0.987930,0.994612,1.020570,1.057973,1.011787,0.991555,1.033326
4.656470,1.042101,1.030890,1.036277,1.029376,1.035348,1.036368,1.034769,1.034448,1.046051,1.037057,1.036155,1.027628,1.036393,1.037048,1.045474,1.050723,1.049168,1.044329,1.054136,0.993617,1.049446,1.049912,1.050068,1.054031,1.046836,1.057530,1.052684,1.045524,1.036565,0.983734,0.978890,0.974503,0.987913,0.994603,1.020545,1.057927,1.011782,0.991537,1.033270
4.664800,1.042052,1.030852,1.036244,1.029346,1.035314,1.036333,1.034734,1.034413,1.046002,1.037024,1.036122,1.027595,1.036361,1.037018,1.045448,1.050696,1.049140,1.044299,1.054114,0.993601,1.049417,1.049880,1.050032,1.054005,1.046819,1.057506,1.052658,1.045501,1.036541,0.983696,0.978853,0.974470,0.987891,0.994588,1.020515,1.057875,1.011771,0.991513,1.033213
4.673130,1.042001,1.030810,1.036207,1.029313,1.035276,1.036295,1.034695,1.034374,1.045951,1.036987,1.036085,1.027558,1.036325,1.036984,1.045416,1.050665,1.049107,1.044264,1.054087,0.993580,1.049383,1.049843,1.049991,1.053973,1.046796,1.057477,1.052627,1.045472,1.036511,0.983654,0.978812,0.974433,0.987864,0.994568,1.020481,1.057817,1.011755,0.991482,1.033154
4.681460,1.041949,1.030764,1.036165,1.029275,1.035235,1.036254,1.034653,1.034331,1.045898,1.036946,1.036044,1.027518,1.036285,1.036946,1.045380,1.050628,1.049069,1.044225,1.054055,0.993554,1.049343,1.049800,1.049945,1.053937,1.046768,1.057442,1.052591,1.045437,1.036475,0.983607,0.978768,0.974393,0.987833,0.994543,1.020441,1.057753,1.011732,0.991446,1.033095
4.689790,1.041895,1.030714,1.036119,1.029234,1.035190,1.036209,1.034608,1.034286,1.045844,1.036902,1.035999,1.027474,1.036241,1.036904,1.045340,1.050587,1.049027,1.044181,1.054019,0.993522,1.049299,1.049753,1.049894,1.053896,1.046734,1.057402,1.052549,1.045397,1.036433,0.983556,0.978721,0.974350,0.987798,0.994512,1.020397,1.057684,1.011705,0.991405,1.033036
4.698120,1.041839,1.030660,1.036069,1.029188,1.035142,1.036160,1.034559,1.034237,1.045788,1.036854,1.035951,1.027426,1.036194,1.036858,1.045295,1.050542,1.048980,1.044134,1.053977,0.993487,1.049251,1.049701,1.049839,1.053851,1.046695,1.057357,1.052503,1.045351,1.036386,0.983501,0.978670,0.974303,0.987758,0.994476,1.020349,1.057610,1.011672,0.991358,1.032976
4.706450,1.041782,1.030603,1.036016,1.029140,1.035091,1.036109,1.034508,1.034186,1.045730,1.036803,1.035900,1.027375,1.036143,1.036809,1.045246,1.050492,1.048929,1.044082,1.053932,0.993447,1.049198,1.049645,1.049778,1.053801,1.046650,1.057307,1.052452,1.045300,1.036334,0.983443,0.978617,0.974253,0.987714,0.994436,1.020296,1.057532,1.011634,0.991306,1.032915
4.714780,1.041723,1.030543,1.035959,1.029088,1.035037,1.036054,1.034453,1.034131,1.045671,1.036749,1.035846,1.027321,1.036089,1.036756,1.045194,1.050438,1.048873,1.044026,1.053882,0.993402,1.049141,1.049584,1.049714,1.053747,1.046601,1.057252,1.052396,1.045244,1.036278,0.983380,0.978562,0.974200,0.987667,0.994391,1.020239,1.057449,1.011591,0.991250,1.032853
4.723110,1.041662,1.030479,1.035898,1.029033,1.034980,1.035997,1.034396,1.034074,1.045610,1.036691,1.035788,1.027264,1.036032,1.036700,1.045138,1.050380,1.048814,1.043966,1.053828,0.993354,1.049080,1.049520,1.049646,1.053689,1.046548,1.057193,1.052337,1.045184,1.036216,0.983314,0.978504,0.974145,0.987616,0.994342,1.020179,1.057361,1.011544,0.991189,1.032791
4.731440,1.041600,1.030413,1.035835,1.028975,1.034920,1.035937,1.034336,1.034015,1.045548,1.036631,1.035728,1.027204,1.035972,1.036641,1.045078,1.050319,1.048752,1.043903,1.053770,0.993302,1.049016,1.049451,1.049573,1.053627,1.046490,1.057129,1.052274,1.045119,1.036151,0.983244,0.978443,0.974087,0.987562,0.994290,1.020115,1.057270,1.011493,0.991125,1.032729
4.739770,1.041537,1.030344,1.035768,1.028914,1.034858,1.035874,1.034274,1.033953,1.045485,1.036568,1.035666,1.027141,1.035910,1.036579,1.045015,1.050254,1.048686,1.043837,1.053709,0.993246,1.048948,1.049380,1.049498,1.053562,1.046428,1.057062,1.052207,1.045051,1.036081,0.983172,0.978380,0.974026,0.987505,0.994233,1.020048,1.057176,1.011437,0.991056,1.032667
4.748100,1.041473,1.030272,1.035699,1.028850,1.034794,1.035809,1.034210,1.033889,1.045421,1.036503,1.035600,1.027076,1.035845,1.036514,1.044949,1.050186,1.048616,1.043768,1.053645,0.993187,1.048877,1.049305,1.049419,1.053494,1.046362,1.056991,1.052136,1.044979,1.036008,0.983096,0.978316,0.973963,0.987445,0.994174,1.019977,1.057078,1.011378,0.990984,1.032604
4.756430,1.041408,1.030198,1.035627,1.028784,1.034727,1.035742,1.034144,1.033823,1.045356,1.036435,1.035533,1.027008,1.035777,1.036447,1.044879,1.050115,1.048544,1.043696,1.053577,0.993126,1.048802,1.049227,1.049337,1.053422,1.046293,1.056917,1.052063,1.044903,1.035932,0.983018,0.978249,0.973898,0.987383,0.994111,1.019904,1.056977,1.011315,0.990908,1.032541
4.764760,1.041342,1.030122,1.035553,1.028716,1.034658,1.035673,1.034075,1.033755,1.045290,1.036365,1.035463,1.026938,1.035707,1.036377,1.044808,1.050041,1.048469,1.043621,1.053507,0.993061,1.048725,1.049146,1.049252,1.053348,1.046221,1.056840,1.051986,1.044824,1.035852,0.982937,0.978180,0.973831,0.987318,0.994046,1.019828,1.056873,1.011249,0.990830,1.032477
4.773090,1.041275,1.030043,1.035477,1.028645,1.034587,1.035602,1.034005,1.033685,1.045224,1.036293,1.035392,1.026866,1.035635,1.036306,1.044734,1.049965,1.048392,1.043544,1.053435,0.992994,1.048646,1.049063,1.049165,1.053271,1.046145,1.056760,1.051907,1.044743,1.035770,0.982853,0.978110,0.973763,0.987251,0.993978,1.019749,1.056767,1.011180,0.990749,1.032414
4.781420,1.041207,1.029963,1.035399,1.028573,1.034515,1.035529,1.033933,1.033614,1.045156,1.036220,1.035318,1.026793,1.035562,1.036232,1.044657,1.049887,1.048312,1.043465,1.053360,0.992925,1.048564,1.048978,1.049075,1.053192,1.046067,1.056678,1.051826,1.044659,1.035685,0.982768,0.978039,0.973692,0.987182,0.993908,1.019668,1.056658,1.011109,0.990666,1.032350
4.789750,1.041139,1.029881,1.035319,1.028499,1.034441,1.035455,1.033860,1.033541,1.045088,1.036144,1.035244,1.026718,1.035486,1.036156,1.044579,1.049806,1.048230,1.043384,1.053283,0.992853,1.048480,1.048890,1.048984,1.053111,1.045987,1.056593,1.051742,1.044572,1.035598,0.982681,0.977966,0.973621,0.987111,0.993836,1.019585,1.056548,1.011035,0.990581,1.032287
4.798080,1.041071,1.029799,1.035237,1.028423,1.034365,1.035380,1.033786,1.033467,1.045020,1.036068,1.035167,1.026641,1.035410,1.036079,1.044499,1.049723,1.048147,1.043301,1.053204,0.992780,1.048394,1.048800,1.048890,1.053028,1.045905,1.056506,1.051656,1.044484,1.035509,0.982593,0.977892,0.973548,0.987039,0.993762,1.019500,1.056436,1.010958,0.990493,1.032224
4.806410,1.041002,1.029714,1.035154,1.028346,1.034289,1.035303,1.033710,1.033393,1.044951,1.035990,1.035090,1.026563,1.035332,1.036001,1.044417,1.049639,1.048062,1.043217,1.053124,0.992706,1.048307,1.048709,1.048795,1.052943,1.045821,1.056418,1.051569,1.044394,1.035418,0.982503,0.977817,0.973474,0.986966,0.993687,1.019414,1.056323,1.010880,0.990405,1.032161
4.814740,1.040933,1.029630,1.035070,1.028268,1.034211,1.035225,1.033634,1.033317,1.044883,1.035911,1.035011,1.026484,1.035253,1.035921,1.044334,1.049554,1.047976,1.043132,1.053043,0.992630,1.048218,1.048617,1.048699,1.052856,1.045735,1.056328,1.051481,1.044302,1.035326,0.982413,0.977741,0.973399,0.986892,0.993610,1.019326,1.056208,1.010800,0.990315,1.032098
4.823070,1.040863,1.029544,1.034986,1.028189,1.034133,1.035147,1.033557,1.033240,1.044814,1.035831,1.034932,1.026405,1.035173,1.035841,1.044250,1.049467,1.047889,1.043046,1.052960,0.992553,1.048128,1.048524,1.048602,1.052769,1.045648,1.056238,1.051392,1.044210,1.035234,0.982322,0.977665,0.973323,0.986817,0.993533,1.019238,1.056094,1.010720,0.990224,1.032036
4.831400,1.040794,1.029458,1.034900,1.028108,1.034054,1.035067,1.033478,1.033163,1.044744,1.035750,1.034851,1.026323,1.035091,1.035759,1.044164,1.049379,1.047800,1.042958,1.052876,0.992474,1.048036,1.048428,1.048502,1.052680,1.045559,1.056145,1.051300,1.044116,1.035139,0.982230,0.977588,0.973246,0.986740,0.993454,1.019147,1.055977,1.010636,0.990132,1.031973
4.839730,1.040725,1.029372,1.034814,1.028027,1.033974,1.034987,1.033400,1.033085,1.044675,1.035669,1.034771,1.026242,1.035010,1.035677,1.044078,1.049290,1.047711,1.042870,1.052791,0.992395,1.047945,1.048332,1.048403,1.052590,1.045470,1.056052,1.051209,1.044022,1.035044,0.982138,0.977510,0.973170,0.986663,0.993374,1.019056,1.055861,1.010553,0.990040,1.031912
4.848060,1.040656,1.029285,1.034728,1.027946,1.033894,1.034907,1.033321,1.033007,1.044606,1.035587,1.034690,1.026161,1.034928,1.035594,1.043991,1.049201,1.047621,1.042782,1.052707,0.992316,1.047852,1.048237,1.048303,1.052500,1.045381,1.055959,1.051118,1.043927,1.034950,0.982046,0.977433,0.973093,0.986586,0.993295,1.018965,1.055744,1.010469,0.989948,1.031850
4.856390,1.040587,1.029199,1.034642,1.027864,1.033814,1.034827,1.033242,1.032929,1.044537,1.035505,1.034608,1.026078,1.034846,1.035511,1.043904,1.049111,1.047531,1.042693,1.052621,0.992236,1.047759,1.048139,1.048203,1.052409,1.045290,1.055866,1.051025,1.043832,1.034854,0.981955,0.977355,0.973015,0.986509,0.993215,1.018872,1.055627,1.010384,0.989855,1.031789
4.864720,1.040519,1.029114,1.034556,1.027783,1.033734,1.034747,1.033164,1.032851,1.044469,1.035423,1.034527,1.025997,1.034764,1.035428,1.043817,1.049022,1.047441,1.042605,1.052535,0.992156,1.047666,1.048043,1.048103,1.052319,1.045200,1.055773,1.050934,1.043737,1.034759,0.981865,0.977278,0.972938,0.986432,0.993135,1.018780,1.055511,1.010300,0.989763,1.031729
4.873050,1.040451,1.029029,1.034470,1.027701,1.033654,1.034666,1.033085,1.032772,1.044401,1.035342,1.034445,1.025915,1.034681,1.035345,1.043729,1.048932,1.047352,1.042517,1.052450,0.992076,1.047573,1.047946,1.048003,1.052228,1.045110,1.055679,1.050842,1.043643,1.034664,0.981775,0.977200,0.972861,0.986355,0.993056,1.018688,1.055395,1.010215,0.989671,1.031670
4.881380,1.040384,1.028945,1.034385,1.027620,1.033574,1.034586,1.033006,1.032695,1.044334,1.035260,1.034364,1.025833,1.034599,1.035262,1.043642,1.048842,1.047262,1.042429,1.052365,0.991996,1.047480,1.047850,1.047903,1.052137,1.045021,1.055587,1.050750,1.043548,1.034570,0.981687,0.977123,0.972784,0.986278,0.992976,1.018595,1.055280,1.010130,0.989580,1.031611
4.889710,1.040318,1.028862,1.034301,1.027539,1.033495,1.034507,1.032929,1.032618,1.044268,1.035179,1.034284,1.025752,1.034518,1.035180,1.043555,1.048753,1.047174,1.042342,1.052280,0.991917,1.047387,1.047754,1.047803,1.052047,1.044932,1.055495,1.050660,1.043455,1.034477,0.981601,0.977047,0.972708,0.986202,0.992898,1.018503,1.055166,1.010046,0.989489,1.031553
4.898040,1.040252,1.028780,1.034217,1.027458,1.033415,1.034428,1.032851,1.032541,1.044202,1.035098,1.034204,1.025671,1.034437,1.035098,1.043469,1.048664,1.047085,1.042256,1.052196,0.991838,1.047295,1.047658,1.047704,1.051956,1.044843,1.055403,1.050570,1.043363,1.034385,0.981516,0.976971,0.972632,0.986126,0.992819,1.018411,1.055053,1.009963,0.989400,1.031496
4.906370,1.040188,1.028700,1.034135,1.027379,1.033337,1.034350,1.032774,1.032465,1.044137,1.035019,1.034125,1.025591,1.034357,1.035016,1.043383,1.048577,1.046998,1.042170,1.052112,0.991760,1.047203,1.047563,1.047607,1.051867,1.044756,1.055313,1.050481,1.043271,1.034293,0.981433,0.976896,0.972557,0.986051,0.992742,1.018320,1.054941,1.009880,0.989312,1.031440
4.914700,1.040125,1.028621,1.034055,1.027300,1.033260,1.034272,1.032699,1.032390,1.044073,1.034940,1.034046,1.025513,1.034278,1.034936,1.043298,1.048490,1.046912,1.042086,1.052030,0.991683,1.047113,1.047469,1.047510,1.051779,1.044670,1.055225,1.050394,1.043182,1.034204,0.981353,0.976821,0.972483,0.985977,0.992666,1.018230,1.054830,1.009799,0.989225,1.031385
4.923030,1.040063,1.028545,1.033975,1.027222,1.033184,1.034196,1.032624,1.032316,1.044010,1.034862,1.033969,1.025435,1.034199,1.034857,1.043214,1.048404,1.046827,1.042004,1.051948,0.991607,1.047024,1.047376,1.047414,1.051692,1.044585,1.055137,1.050307,1.043093,1.034116,0.981276,0.976748,0.972410,0.985905,0.992591,1.018141,1.054722,1.009718,0.989140,1.031331
4.931360,1.040003,1.028471,1.033898,1.027146,1.033109,1.034121,1.032550,1.032243,1.043949,1.034786,1.033893,1.025358,1.034123,1.034779,1.043132,1.048319,1.046744,1.041923,1.051868,0.991532,1.046936,1.047285,1.047320,1.051606,1.044502,1.055052,1.050223,1.043007,1.034029,0.981202,0.976676,0.972339,0.985833,0.992518,1.018052,1.054615,1.009639,0.989057,1.031279
4.939690,1.039944,1.028399,1.033822,1.027071,1.033036,1.034048,1.032478,1.032172,1.043888,1.034710,1.033818,1.025283,1.034047,1.034702,1.043051,1.048236,1.046662,1.041843,1.051790,0.991458,1.046849,1.047194,1.047227,1.051521,1.044421,1.054968,1.050140,1.042922,1.033945,0.981131,0.976606,0.972268,0.985763,0.992446,1.017965,1.054509,1.009562,0.988976,1.031227
4.948020,1.039886,1.028330,1.033748,1.026997,1.032964,1.033975,1.032407,1.032101,1.043829,1.034637,1.033745,1.025209,1.033972,1.034627,1.042971,1.048155,1.046582,1.041766,1.051712,0.991386,1.046764,1.047106,1.047136,1.051438,1.044341,1.054886,1.050059,1.042839,1.033862,0.981063,0.976536,0.972199,0.985694,0.992375,1.017879,1.054406,1.009486,0.988896,1.031176
4.956350,1.039830,1.028263,1.033677,1.026925,1.032893,1.033904,1.032338,1.032032,1.043771,1.034564,1.033673,1.025136,1.033900,1.034553,1.042892,1.048074,1.046504,1.041690,1.051636,0.991315,1.046680,1.047018,1.047046,1.051356,1.044263,1.054806,1.049980,1.042758,1.033782,0.980999,0.976468,0.972131,0.985626,0.992306,1.017794,1.054305,1.009412,0.988819,1.031127
4.964680,1.039776,1.028198,1.033607,1.026854,1.032823,1.033835,1.032270,1.031965,1.043715,1.034493,1.033603,1.025065,1.033828,1.034480,1.042815,1.047996,1.046427,1.041616,1.051562,0.991246,1.046598,1.046932,1.046958,1.051276,1.044187,1.054728,1.049902,1.042679,1.033703,0.980938,0.976401,0.972065,0.985560,0.992239,1.017711,1.054206,1.009340,0.988743,1.031079
4.973010,1.039723,1.028137,1.033539,1.026785,1.032756,1.033767,1.032203,1.031899,1.043660,1.034424,1.033534,1.024996,1.033759,1.034409,1.042740,1.047919,1.046353,1.041544,1.051489,0.991178,1.046517,1.046848,1.046871,1.051198,1.044114,1.054652,1.049827,1.042603,1.033627,0.980881,0.976336,0.972000,0.985495,0.992173,1.017629,1.054108,1.009270,0.988670,1.031032
4.981340,1.039672,1.028078,1.033474,1.026718,1.032690,1.033701,1.032138,1.031835,1.043606,1.034356,1.033467,1.024928,1.033691,1.034340,1.042667,1.047844,1.046280,1.041474,1.051418,0.991112,1.046438,1.046766,1.046787,1.051121,1.044042,1.054578,1.049754,1.042528,1.033553,0.980828,0.976272,0.971937,0.985432,0.992109,1.017549,1.054013,1.009201,0.988599,1.030987
4.989670,1.039623,1.028022,1.033411,1.026652,1.032625,1.033636,1.032075,1.031772,1.043553,1.034290,1.033401,1.024862,1.033624,1.034273,1.042595,1.047771,1.046210,1.041407,1.051349,0.991048,1.046361,1.046685,1.046704,1.051046,1.043972,1.054506,1.049683,1.042456,1.033481,0.980779,0.976210,0.971875,0.985371,0.992047,1.017470,1.053921,1.009135,0.988530,1.030943
4.998000,1.039575,1.027969,1.033351,1.026589,1.032563,1.033573,1.032013,1.031711,1.043503,1.034226,1.033337,1.024798,1.033560,1.034207,1.042525,1.047699,1.046141,1.041341,1.051282,0.990985,1.046286,1.046606,1.046623,1.050973,1.043905,1.054437,1.049614,1.042386,1.033412,0.980734,0.976150,0.971816,0.985311,0.991986,1.017393,1.053830,1.009071,0.988464,1.030900
5.006330,1.039529,1.027919,1.033293,1.026527,1.032502,1.033512,1.031954,1.031652,1.043453,1.034164,1.033276,1.024736,1.033497,1.034144,1.042457,1.047630,1.046075,1.041278,1.051216,0.990924,1.046213,1.046529,1.046545,1.050902,1.043840,1.054370,1.049548,1.042318,1.033345,0.980694,0.976091,0.971757,0.985253,0.991927,1.017317,1.053741,1.009009,0.988399,1.030858
5.014660,1.039485,1.027872,1.033237,1.026467,1.032443,1.033453,1.031896,1.031595,1.043405,1.034104,1.033216,1.024675,1.033436,1.034082,1.042391,1.047562,1.046011,1.041217,1.051152,0.990864,1.046141,1.046454,1.046468,1.050832,1.043777,1.054305,1.049483,1.042253,1.033280,0.980657,0.976034,0.971701,0.985196,0.991870,1.017243,1.053655,1.008949,0.988337,1.030818
5.022990,1.039443,1.027828,1.033184,1.026409,1.032386,1.033396,1.031839,1.031539,1.043359,1.034045,1.033157,1.024616,1.033377,1.034022,1.042326,1.047497,1.045949,1.041158,1.051090,0.990806,1.046071,1.046380,1.046392,1.050765,1.043717,1.054243,1.049421,1.042190,1.033218,0.980625,0.975978,0.971646,0.985141,0.991815,1.017170,1.053571,1.008891,0.988277,1.030779
5.031320,1.039403,1.027787,1.033134,1.026353,1.032330,1.033340,1.031785,1.031485,1.043314,1.033988,1.033101,1.024559,1.033320,1.033964,1.042264,1.047433,1.045889,1.041102,1.051030,0.990750,1.046004,1.046309,1.046319,1.050699,1.043659,1.054183,1.049361,1.042129,1.033157,0.980597,0.975924,0.971593,0.985088,0.991761,1.017099,1.053489,1.008835,0.988219,1.030742
5.039650,1.039364,1.027749,1.033085,1.026299,1.032277,1.033287,1.031732,1.031433,1.043271,1.033933,1.033046,1.024504,1.033265,1.033907,1.042203,1.047372,1.045831,1.041048,1.050972,0.990696,1.045938,1.046239,1.046248,1.050636,1.043603,1.054125,1.049304,1.042071,1.033099,0.980573,0.975872,0.971542,0.985036,0.991709,1.017030,1.053409,1.008781,0.988164,1.030705
5.047980,1.039327,1.027715,1.033040,1.026247,1.032225,1.033235,1.031681,1.031382,1.043229,1.033880,1.032994,1.024451,1.033211,1.033853,1.042145,1.047312,1.045775,1.040996,1.050915,0.990643,1.045874,1.046171,1.046179,1.050574,1.043549,1.054069,1.049248,1.042015,1.033044,0.980554,0.975822,0.971492,0.984986,0.991659,1.016963,1.053332,1.008730,0.988110,1.030670
5.056310,1.039292,1.027683,1.032996,1.026197,1.032175,1.033185,1.031632,1.031334,1.043189,1.033829,1.032943,1.024400,1.033160,1.033801,1.042088,1.047254,1.045722,1.040946,1.050860,0.990592,1.045811,1.046105,1.046111,1.050514,1.043497,1.054016,1.049195,1.041960,1.032990,0.980539,0.975773,0.971444,0.984937,0.991610,1.016896,1.053256,1.008680,0.988059,1.030637
5.064640,1.039259,1.027654,1.032956,1.026149,1.032127,1.033136,1.031585,1.031287,1.043150,1.033780,1.032894,1.024350,1.033110,1.033750,1.042033,1.047198,1.045670,1.040899,1.050807,0.990542,1.045751,1.046040,1.046045,1.050456,1.043448,1.053964,1.049144,1.041908,1.032938,0.980528,0.975725,0.971398,0.984890,0.991563,1.016832,1.053182,1.008633,0.988009,1.030604
5.072970,1.039227,1.027628,1.032917,1.026103,1.032081,1.033090,1.031539,1.031241,1.043113,1.033732,1.032846,1.024302,1.033062,1.033701,1.041980,1.047143,1.045621,1.040854,1.050755,0.990494,1.045692,1.045977,1.045981,1.050400,1.043400,1.053915,1.049095,1.041859,1.032889,0.980521,0.975680,0.971354,0.984844,0.991518,1.016769,1.053110,1.008588,0.987962,1.030573
5.081300,1.039197,1.027605,1.032881,1.026058,1.032036,1.033045,1.031495,1.031198,1.043077,1.033686,1.032801,1.024256,1.033016,1.033654,1.041928,1.047091,1.045573,1.040810,1.050705,0.990447,1.045635,1.045916,1.045919,1.050345,1.043355,1.053868,1.049048,1.041811,1.032841,0.980518,0.975635,0.971311,0.984800,0.991473,1.016707,1.053040,1.008544,0.987916,1.030543
5.089630,1.039169,1.027585,1.032847,1.026016,1.031993,1.033002,1.031453,1.031156,1.043042,1.033642,1.032757,1.024212,1.032971,1.033609,1.041878,1.047040,1.045527,1.040769,1.050656,0.990402,1.045580,1.045857,1.045858,1.050292,1.043311,1.053823,1.049003,1.041764,1.032795,0.980519,0.975593,0.971269,0.984757,0.991431,1.016647,1.052972,1.008502,0.987872,1.030515
5.097960,1.039142,1.027567,1.032815,1.025975,1.031952,1.032960,1.031412,1.031116,1.043009,1.033599,1.032714,1.024169,1.032928,1.033565,1.041830,1.046991,1.045484,1.040730,1.050609,0.990358,1.045526,1.045799,1.045799,1.050241,1.043269,1.053779,1.048959,1.041720,1.032751,0.980523,0.975552,0.971229,0.984715,0.991389,1.016588,1.052906,1.008462,0.987830,1.030487
5.106290,1.039117,1.027552,1.032785,1.025936,1.031912,1.032920,1.031373,1.031077,1.042978,1.033558,1.032674,1.024128,1.032887,1.033523,1.041784,1.046943,1.045441,1.040692,1.050563,0.990315,1.045474,1.045742,1.045741,1.050191,1.043229,1.053737,1.048918,1.041677,1.032709,0.980532,0.975512,0.971191,0.984674,0.991349,1.016531,1.052841,1.008424,0.987789,1.030461
5.114620,1.039094,1.027539,1.032757,1.025898,1.031874,1.032881,1.031335,1.031039,1.042947,1.033519,1.032635,1.024089,1.032847,1.033483,1.041739,1.046897,1.045401,1.040657,1.050519,0.990274,1.045423,1.045687,1.045685,1.050143,1.043191,1.053697,1.048878,1.041636,1.032668,0.980543,0.975473,0.971154,0.984635,0.991309,1.016474,1.052777,1.008387,0.987749,1.030436
5.122950,1.039072,1.027529,1.032731,1.025862,1.031837,1.032844,1.031299,1.031003,1.042918,1.033481,1.032597,1.024051,1.032809,1.033444,1.041695,1.046853,1.045362,1.040623,1.050475,0.990233,1.045373,1.045633,1.045630,1.050096,1.043154,1.053659,1.048839,1.041597,1.032629,0.980559,0.975436,0.971118,0.984596,0.991271,1.016419,1.052715,1.008352,0.987711,1.030412
5.131280,1.039051,1.027521,1.032707,1.025828,1.031802,1.032809,1.031264,1.030969,1.042890,1.033444,1.032560,1.024014,1.032772,1.033406,1.041652,1.046809,1.045324,1.040590,1.050433,0.990194,1.045325,1.045580,1.045576,1.050051,1.043119,1.053622,1.048802,1.041558,1.032590,0.980577,0.975400,0.971084,0.984558,0.991234,1.016364,1.052654,1.008318,0.987674,1.030389
5.139610,1.039032,1.027515,1.032685,1.025794,1.031768,1.032774,1.031230,1.030935,1.042863,1.033408,1.032525,1.023978,1.032736,1.033370,1.041611,1.046767,1.045288,1.040559,1.050392,0.990155,1.045277,1.045528,1.045524,1.050006,1.043085,1.053586,1.048766,1.041521,1.032553,0.980598,0.975365,0.971050,0.984521,0.991197,1.016311,1.052594,1.008285,0.987638,1.030367
5.147940,1.039014,1.027511,1.032664,1.025762,1.031735,1.032741,1.031198,1.030903,1.042837,1.033374,1.032491,1.023944,1.032702,1.033335,1.041571,1.046726,1.045253,1.040530,1.050351,0.990117,1.045231,1.045477,1.045472,1.049963,1.043051,1.053551,1.048732,1.041485,1.032517,0.980622,0.975331,0.971018,0.984485,0.991161,1.016258,1.052534,1.008254,0.987602,1.030346
5.156270,1.038997,1.027509,1.032644,1.025732,1.031703,1.032709,1.031166,1.030872,1.042812,1.033341,1.032459,1.023911,1.032668,1.033301,1.041532,1.046685,1.045219,1.040501,1.050312,0.990080,1.045186,1.045427,1.045421,1.049920,1.043019,1.053517,1.048698,1.041449,1.032482,0.980649,0.975298,0.970987,0.984450,0.991125,1.016206,1.052476,1.008223,0.987568,1.030326
5.164600,1.038981,1.027509,1.032626,1.025702,1.031672,1.032678,1.031136,1.030842,1.042788,1.033309,1.032427,1.023879,1.032636,1.033268,1.041494,1.046646,1.045186,1.040474,1.050273,0.990043,1.045141,1.045377,1.045371,1.049879,1.042988,1.053484,1.048666,1.041415,1.032447,0.980678,0.975266,0.970957,0.984415,0.991090,1.016155,1.052419,1.008194,0.987534,1.030307
5.172930,1.038966,1.027510,1.032609,1.025673,1.031642,1.032648,1.031107,1.030813,1.042765,1.033278,1.032396,1.023847,1.032605,1.033236,1.041457,1.046607,1.045154,1.040447,1.050234,0.990007,1.045097,1.045329,1.045321,1.049838,1.042958,1.053452,1.048634,1.041381,1.032413,0.980709,0.975235,0.970927,0.984380,0.991055,1.016104,1.052362,1.008165,0.987500,1.030289
5.181260,1.038952,1.027512,1.032593,1.025646,1.031613,1.032618,1.031078,1.030785,1.042743,1.033247,1.032366,1.023817,1.032574,1.033205,1.041420,1.046569,1.045123,1.040422,1.050196,0.989971,1.045054,1.045280,1.045272,1.049798,1.042928,1.053420,1.048603,1.041348,1.032380,0.980742,0.975204,0.970898,0.984346,0.991021,1.016054,1.052305,1.008136,0.987467,1.030272
5.189590,1.038939,1.027516,1.032577,1.025619,1.031585,1.032589,1.031050,1.030757,1.042722,1.033218,1.032336,1.023787,1.032544,1.033174,1.041384,1.046532,1.045092,1.040397,1.050158,0.989935,1.045011,1.045232,1.045223,1.049758,1.042899,1.053389,1.048572,1.041314,1.032346,0.980777,0.975174,0.970870,0.984311,0.990986,1.016004,1.052249,1.008108,0.987434,1.030255
5.197920,1.038927,1.027520,1.032563,1.025592,1.031558,1.032561,1.031023,1.030730,1.042701,1.033188,1.032307,1.023758,1.032515,1.033144,1.041348,1.046495,1.045061,1.040372,1.050121,0.989899,1.044968,1.045185,1.045175,1.049719,1.042870,1.053358,1.048542,1.041282,1.032313,0.980813,0.975144,0.970842,0.984277,0.990952,1.015954,1.052193,1.008081,0.987401,1.030239
5.206250,1.038916,1.027525,1.032549,1.025567,1.031530,1.032534,1.030996,1.030704,1.042681,1.033160,1.032279,1.023729,1.032486,1.033115,1.041313,1.046458,1.045031,1.040348,1.050083,0.989863,1.044926,1.045137,1.045126,1.049680,1.042841,1.053328,1.048512,1.041249,1.032280,0.980850,0.975115,0.970815,0.984243,0.990917,1.015904,1.052136,1.008053,0.987368,1.030224
5.214580,1.038905,1.027531,1.032535,1.025541,1.031504,1.032507,1.030970,1.030678,1.042662,1.033132,1.032251,1.023701,1.032457,1.033086,1.041277,1.046421,1.045001,1.040325,1.050045,0.989827,1.044883,1.045090,1.045078,1.049641,1.042812,1.053297,1.048482,1.041216,1.032247,0.980889,0.975086,0.970788,0.984209,0.990882,1.015854,1.052080,1.008026,0.987334,1.030210
5.222910,1.038894,1.027538,1.032522,1.025516,1.031477,1.032480,1.030943,1.030652,1.042643,1.033103,1.032223,1.023673,1.032429,1.033056,1.041242,1.046384,1.044972,1.040301,1.050007,0.989791,1.044841,1.045042,1.045030,1.049602,1.042783,1.053266,1.048452,1.041182,1.032213,0.980927,0.975058,0.970761,0.984174,0.990846,1.015804,1.052024,1.007998,0.987301,1.030196
5.231240,1.038884,1.027545,1.032509,1.025492,1.031451,1.032454,1.030918,1.030627,1.042625,1.033076,1.032196,1.023646,1.032401,1.033028,1.041207,1.046348,1.044942,1.040278,1.049970,0.989755,1.044799,1.044995,1.044981,1.049563,1.042754,1.053236,1.048422,1.041149,1.032179,0.980967,0.975030,0.970735,0.984140,0.990810,1.015755,1.051967,1.007971,0.987267,1.030183
5.239570,1.038875,1.027552,1.032496,1.025467,1.031425,1.032427,1.030893,1.030602,1.042607,1.033048,1.032169,1.023618,1.032373,1.032999,1.041172,1.046311,1.044912,1.040254,1.049931,0.989718,1.044756,1.044947,1.044932,1.049524,1.042725,1.053204,1.048391,1.041115,1.032145,0.981007,0.975001,0.970709,0.984104,0.990774,1.015704,1.051910,1.007943,0.987232,1.030170
5.247900,1.038866,1.027559,1.032483,1.025442,1.031399,1.032401,1.030867,1.030577,1.042589,1.033020,1.032142,1.023590,1.032345,1.032971,1.041137,1.046273,1.044882,1.040231,1.049892,0.989680,1.044713,1.044898,1.044883,1.049484,1.042695,1.053173,1.048361,1.041081,1.032110,0.981047,0.974973,0.970682,0.984069,0.990737,1.015653,1.051852,1.007915,0.987196,1.030158
5.256230,1.038857,1.027566,1.032470,1.025418,1.031374,1.032374,1.030842,1.030552,1.042571,1.032993,1.032115,1.023563,1.032317,1.032942,1.041101,1.046236,1.044851,1.040207,1.049853,0.989642,1.044670,1.044849,1.044833,1.049445,1.042665,1.053141,1.048330,1.041046,1.032074,0.981087,0.974944,0.970656,0.984032,0.990699,1.015602,1.051793,1.007887,0.987160,1.030146
5.264560,1.038848,1.027573,1.032457,1.025393,1.031348,1.032348,1.030816,1.030527,1.042554,1.032965,1.032087,1.023535,1.032289,1.032913,1.041065,1.046197,1.044820,1.040182,1.049812,0.989603,1.044625,1.044800,1.044782,1.049404,1.042634,1.053107,1.048298,1.041009,1.032036,0.981126,0.974915,0.970629,0.983995,0.990659,1.015550,1.051734,1.007857,0.987122,1.030135
5.272890,1.038840,1.027579,1.032443,1.025368,1.031321,1.032321,1.030790,1.030501,1.042537,1.032937,1.032059,1.023506,1.032260,1.032884,1.041029,1.046159,1.044788,1.040157,1.049771,0.989563,1.044580,1.044749,1.044731,1.049363,1.042602,1.053073,1.048265,1.040972,1.031999,0.981165,0.974886,0.970602,0.983957,0.990620,1.015497,1.051673,1.007827,0.987083,1.030124
5.281220,1.038831,1.027586,1.032429,1.025343,1.031295,1.032294,1.030765,1.030476,1.042520,1.032908,1.032031,1.023478,1.032231,1.032854,1.040991,1.046119,1.044756,1.040132,1.049729,0.989523,1.044535,1.044698,1.044679,1.049322,1.042569,1.053038,1.048232,1.040934,1.031960,0.981204,0.974857,0.970575,0.983918,0.990578,1.015444,1.051612,1.007796,0.987044,1.030113
5.289550,1.038823,1.027591,1.032413,1.025316,1.031268,1.032266,1.030738,1.030450,1.042503,1.032879,1.032002,1.023449,1.032202,1.032823,1.040953,1.046078,1.044722,1.040105,1.049686,0.989481,1.044488,1.044646,1.044626,1.049279,1.042535,1.053002,1.048197,1.040894,1.031919,0.981241,0.974827,0.970547,0.983878,0.990535,1.015389,1.051549,1.007763,0.987002,1.030103
5.297880,1.038815,1.027595,1.032398,1.025290,1.031240,1.032239,1.030711,1.030424,1.042486,1.032849,1.031973,1.023419,1.032172,1.032793,1.040914,1.046037,1.044688,1.040078,1.049642,0.989438,1.044441,1.044593,1.044571,1.049235,1.042500,1.052965,1.048161,1.040853,1.031877,0.981278,0.974797,0.970519,0.983838,0.990492,1.015333,1.051485,1.007730,0.986959,1.030093
5.306210,1.038806,1.027599,1.032381,1.025263,1.031212,1.032210,1.030684,1.030397,1.042469,1.032819,1.031944,1.023389,1.032141,1.032761,1.040875,1.045995,1.044653,1.040050,1.049596,0.989393,1.044392,1.044538,1.044516,1.049190,1.042463,1.052926,1.048124,1.040810,1.031833,0.981313,0.974766,0.970490,0.983795,0.990446,1.015277,1.051419,1.007696,0.986915,1.030083
5.314540,1.038797,1.027602,1.032364,1.025235,1.031184,1.032181,1.030657,1.030370,1.042452,1.032788,1.031914,1.023358,1.032110,1.032729,1.040834,1.045951,1.044616,1.040021,1.049550,0.989348,1.044343,1.044483,1.044460,1.049145,1.042426,1.052887,1.048087,1.040767,1.031789,0.981348,0.974735,0.970460,0.983752,0.990400,1.015219,1.051353,1.007660,0.986869,1.030073
5.322870,1.038788,1.027604,1.032345,1.025207,1.031154,1.032151,1.030628,1.030342,1.042435,1.032757,1.031882,1.023327,1.032078,1.032696,1.040792,1.045907,1.044579,1.039990,1.049502,0.989301,1.044292,1.044426,1.044401,1.049098,1.042386,1.052845,1.048047,1.040721,1.031742,0.981380,0.974702,0.970430,0.983707,0.990352,1.015160,1.051284,1.007623,0.986821,1.030064
5.331200,1.038779,1.027605,1.032326,1.025178,1.031125,1.032121,1.030599,1.030314,1.042418,1.032725,1.031851,1.023294,1.032045,1.032662,1.040750,1.045861,1.044540,1.039959,1.049453,0.989253,1.044240,1.044369,1.044343,1.049050,1.042346,1.052803,1.048007,1.040675,1.031694,0.981411,0.974670,0.970399,0.983662,0.990303,1.015100,1.051215,1.007585,0.986773,1.030055
5.339530,1.038770,1.027604,1.032305,1.025148,1.031094,1.032090,1.030569,1.030285,1.042401,1.032691,1.031818,1.023261,1.032012,1.032627,1.040706,1.045814,1.044500,1.039926,1.049402,0.989203,1.044186,1.044309,1.044282,1.049001,1.042303,1.052758,1.047964,1.040625,1.031644,0.981440,0.974636,0.970367,0.983614,0.990251,1.015039,1.051143,1.007544,0.986721,1.030046
5.347860,1.038761,1.027603,1.032284,1.025117,1.031063,1.032058,1.030539,1.030256,1.042383,1.032657,1.031785,1.023227,1.031977,1.032591,1.040661,1.045766,1.044459,1.039893,1.049350,0.989152,1.044132,1.044249,1.044220,1.048951,1.042260,1.052712,1.047921,1.040575,1.031593,0.981468,0.974602,0.970335,0.983566,0.990198,1.014976,1.051070,1.007503,0.986669,1.030037
5.356190,1.038751,1.027599,1.032260,1.025084,1.031030,1.032025,1.030508,1.030225,1.042365,1.032622,1.031750,1.023192,1.031941,1.032554,1.040614,1.045715,1.044415,1.039857,1.049296,0.989099,1.044075,1.044186,1.044156,1.048898,1.042213,1.052664,1.047875,1.040522,1.031538,0.981494,0.974566,0.970301,0.983515,0.990143,1.014912,1.050995,1.007460,0.986613,1.030028
5.364520,1.038740,1.027595,1.032236,1.025052,1.030997,1.031991,1.030476,1.030194,1.042347,1.032587,1.031715,1.023156,1.031905,1.032517,1.040567,1.045665,1.044371,1.039821,1.049241,0.989045,1.044018,1.044123,1.044091,1.048845,1.042166,1.052615,1.047829,1.040469,1.031483,0.981518,0.974531,0.970267,0.983464,0.990087,1.014847,1.050919,1.007415,0.986557,1.030020
5.372850,1.038730,1.027589,1.032210,1.025017,1.030963,1.031956,1.030443,1.030162,1.042329,1.032549,1.031679,1.023119,1.031867,1.032477,1.040517,1.045611,1.044325,1.039782,1.049183,0.988989,1.043959,1.044057,1.044024,1.048790,1.042117,1.052563,1.047780,1.040412,1.031425,0.981540,0.974493,0.970231,0.983411,0.990028,1.014779,1.050840,1.007368,0.986498,1.030011
5.381180,1.038719,1.027582,1.032183,1.024983,1.030928,1.031921,1.030409,1.030129,1.042310,1.032512,1.031642,1.023081,1.031829,1.032438,1.040468,1.045558,1.044278,1.039743,1.049125,0.988932,1.043898,1.043991,1.043956,1.048734,1.042066,1.052510,1.047730,1.040354,1.031366,0.981560,0.974456,0.970195,0.983356,0.989968,1.014711,1.050760,1.007320,0.986437,1.030003
5.389510,1.038707,1.027573,1.032155,1.024946,1.030891,1.031884,1.030374,1.030095,1.042291,1.032472,1.031603,1.023042,1.031789,1.032396,1.040415,1.045502,1.044229,1.039701,1.049064,0.988872,1.043836,1.043922,1.043885,1.048676,1.042013,1.052455,1.047677,1.040294,1.031304,0.981577,0.974417,0.970157,0.983300,0.989906,1.014640,1.050677,1.007269,0.986374,1.029995
5.397840,1.038696,1.027564,1.032125,1.024909,1.030855,1.031847,1.030339,1.030061,1.042272,1.032432,1.031564,1.023002,1.031749,1.032354,1.040363,1.045445,1.044179,1.039659,1.049003,0.988811,1.043773,1.043853,1.043814,1.048617,1.041958,1.052398,1.047624,1.040232,1.031241,0.981593,0.974377,0.970119,0.983242,0.989842,1.014569,1.050594,1.007218,0.986310,1.029986
5.406170,1.038684,1.027552,1.032094,1.024870,1.030816,1.031808,1.030302,1.030025,1.042252,1.032391,1.031524,1.022961,1.031706,1.032310,1.040308,1.045386,1.044126,1.039614,1.048939,0.988748,1.043707,1.043780,1.043741,1.048555,1.041901,1.052339,1.047568,1.040167,1.031175,0.981607,0.974336,0.970080,0.983182,0.989776,1.014496,1.050507,1.007163,0.986242,1.029978
5.414500,1.038671,1.027538,1.032061,1.024831,1.030777,1.031768,1.030265,1.029989,1.042232,1.032348,1.031482,1.022918,1.031663,1.032265,1.040251,1.045325,1.044073,1.039569,1.048873,0.988683,1.043640,1.043707,1.043665,1.048493,1.041842,1.052278,1.047510,1.040101,1.031107,0.981618,0.974295,0.970039,0.983121,0.989708,1.014421,1.050419,1.007107,0.986173,1.029970
5.422830,1.038659,1.027524,1.032027,1.024790,1.030738,1.031728,1.030227,1.029952,1.042212,1.032305,1.031440,1.022876,1.031620,1.032220,1.040195,1.045264,1.044018,1.039522,1.048807,0.988618,1.043572,1.043633,1.043589,1.048429,1.041782,1.052216,1.047452,1.040033,1.031038,0.981628,0.974252,0.969998,0.983059,0.989640,1.014345,1.050331,1.007050,0.986103,1.029962
5.431160,1.038645,1.027508,1.031992,1.024748,1.030696,1.031686,1.030187,1.029913,1.042192,1.032261,1.031396,1.022831,1.031574,1.032172,1.040135,1.045200,1.043961,1.039473,1.048737,0.988550,1.043501,1.043556,1.043511,1.048363,1.041719,1.052151,1.047391,1.039963,1.030965,0.981635,0.974209,0.969955,0.982994,0.989568,1.014267,1.050239,1.006990,0.986029,1.029954
5.439490,1.038632,1.027490,1.031955,1.024705,1.030654,1.031644,1.030147,1.029874,1.042171,1.032215,1.031352,1.022785,1.031528,1.032124,1.040075,1.045135,1.043902,1.039423,1.048667,0.988480,1.043430,1.043478,1.043431,1.048296,1.041655,1.052085,1.047328,1.039890,1.030891,0.981640,0.974164,0.969912,0.982928,0.989495,1.014188,1.050145,1.006928,0.985954,1.029947
5.447820,1.038618,1.027472,1.031917,1.024662,1.030612,1.031601,1.030107,1.029835,1.042150,1.032169,1.031307,1.022739,1.031481,1.032075,1.040014,1.045069,1.043843,1.039372,1.048596,0.988410,1.043357,1.043399,1.043350,1.048228,1.041589,1.052018,1.047265,1.039817,1.030816,0.981644,0.974119,0.969868,0.982862,0.989421,1.014107,1.050051,1.006866,0.985878,1.029939
5.456150,1.038604,1.027452,1.031878,1.024616,1.030567,1.031556,1.030064,1.029794,1.042128,1.032121,1.031260,1.022691,1.031432,1.032024,1.039951,1.045001,1.043782,1.039319,1.048522,0.988337,1.043282,1.043318,1.043267,1.048158,1.041521,1.051948,1.047199,1.039741,1.030738,0.981646,0.974073,0.969822,0.982793,0.989344,1.014025,1.049954,1.006801,0.985798,1.029931
5.464480,1.038590,1.027431,1.031837,1.024570,1.030523,1.031511,1.030022,1.029752,1.042107,1.032073,1.031213,1.022643,1.031383,1.031973,1.039887,1.044932,1.043719,1.039265,1.048447,0.988263,1.043207,1.043236,1.043183,1.048087,1.041452,1.051876,1.047132,1.039663,1.030659,0.981646,0.974026,0.969776,0.982723,0.989266,1.013942,1.049857,1.006734,0.985718,1.029924
5.472810,1.038576,1.027409,1.031796,1.024524,1.030478,1.031466,1.029979,1.029711,1.042085,1.032024,1.031165,1.022594,1.031334,1.031921,1.039823,1.044862,1.043656,1.039210,1.048371,0.988188,1.043130,1.043153,1.043098,1.048015,1.041381,1.051804,1.047064,1.039584,1.030579,0.981646,0.973979,0.969730,0.982652,0.989187,1.013858,1.049758,1.006667,0.985636,1.029917
5.481140,1.038561,1.027386,1.031754,1.024476,1.030431,1.031419,1.029935,1.029668,1.042063,1.031974,1.031116,1.022544,1.031282,1.031868,1.039756,1.044791,1.043591,1.039153,1.048293,0.988110,1.043052,1.043067,1.043011,1.047941,1.041308,1.051729,1.046993,1.039503,1.030496,0.981643,0.973930,0.969682,0.982579,0.989105,1.013771,1.049656,1.006597,0.985552,1.029909
5.489470,1.038547,1.027362,1.031710,1.024427,1.030385,1.031372,1.029890,1.029625,1.042041,1.031923,1.031066,1.022493,1.031231,1.031814,1.039689,1.044718,1.043524,1.039096,1.048214,0.988032,1.042972,1.042981,1.042923,1.047866,1.041234,1.051653,1.046922,1.039421,1.030412,0.981639,0.973881,0.969633,0.982505,0.989023,1.013684,1.049554,1.006525,0.985467,1.029902
5.497800,1.038532,1.027337,1.031666,1.024379,1.030337,1.031324,1.029845,1.029581,1.042019,1.031872,1.031016,1.022442,1.031179,1.031759,1.039621,1.044645,1.043458,1.039038,1.048135,0.987954,1.042893,1.042895,1.042834,1.047790,1.041159,1.051577,1.046850,1.039338,1.030327,0.981635,0.973832,0.969585,0.982430,0.988940,1.013597,1.049452,1.006453,0.985381,1.029896
5.506130,1.038517,1.027312,1.031621,1.024329,1.030289,1.031275,1.029799,1.029537,1.041997,1.031820,1.030965,1.022390,1.031126,1.031704,1.039552,1.044570,1.043389,1.038978,1.048053,0.987873,1.042811,1.042807,1.042744,1.047713,1.041081,1.051498,1.046776,1.039252,1.030239,0.981629,0.973782,0.969535,0.982354,0.988855,1.013507,1.049347,1.006379,0.985292,1.029889
5.514460,1.038503,1.027286,1.031576,1.024278,1.030241,1.031226,1.029753,1.029492,1.041975,1.031767,1.030914,1.022338,1.031072,1.031648,1.039482,1.044495,1.043321,1.038918,1.047971,0.987792,1.042729,1.042718,1.042653,1.047636,1.041003,1.051419,1.046702,1.039166,1.030151,0.981622,0.973732,0.969485,0.982277,0.988769,1.013418,1.049242,1.006304,0.985203,1.029883
5.522790,1.038488,1.027259,1.031530,1.024228,1.030192,1.031177,1.029707,1.029447,1.041952,1.031715,1.030862,1.022285,1.031018,1.031592,1.039412,1.044419,1.043251,1.038858,1.047889,0.987710,1.042646,1.042628,1.042561,1.047558,1.040924,1.051339,1.046627,1.039079,1.030062,0.981616,0.973682,0.969435,0.982200,0.988683,1.013327,1.049136,1.006228,0.985113,1.029877
5.531120,1.038474,1.027233,1.031483,1.024176,1.030143,1.031128,1.029660,1.029402,1.041930,1.031661,1.030810,1.022231,1.030964,1.031534,1.039341,1.044342,1.043181,1.038796,1.047805,0.987626,1.042562,1.042538,1.042468,1.047478,1.040843,1.051257,1.046550,1.038990,1.029972,0.981608,0.973631,0.969383,0.982121,0.988594,1.013236,1.049028,1.006150,0.985021,1.029871
5.539450,1.038460,1.027206,1.031436,1.024125,1.030093,1.031078,1.029613,1.029356,1.041908,1.031607,1.030757,1.022178,1.030909,1.031477,1.039270,1.044265,1.043110,1.038735,1.047720,0.987543,1.042478,1.042447,1.042375,1.047398,1.040762,1.051174,1.046473,1.038900,1.029880,0.981600,0.973580,0.969332,0.982042,0.988506,1.013144,1.048921,1.006072,0.984929,1.029865
5.547780,1.038447,1.027179,1.031389,1.024073,1.030044,1.031028,1.029567,1.029311,1.041886,1.031554,1.030705,1.022124,1.030855,1.031420,1.039198,1.044187,1.043039,1.038673,1.047636,0.987458,1.042394,1.042356,1.042282,1.047319,1.040680,1.051092,1.046396,1.038811,1.029789,0.981593,0.973529,0.969281,0.981962,0.988417,1.013051,1.048813,1.005993,0.984836,1.029860
5.556110,1.038433,1.027152,1.031342,1.024021,1.029994,1.030978,1.029519,1.029265,1.041864,1.031500,1.030652,1.022070,1.030799,1.031362,1.039126,1.044109,1.042967,1.038610,1.047550,0.987373,1.042308,1.042263,1.042188,1.047238,1.040597,1.051008,1.046318,1.038720,1.029696,0.981585,0.973477,0.969230,0.981882,0.988327,1.012958,1.048704,1.005913,0.984742,1.029855
5.564440,1.038421,1.027126,1.031295,1.023969,1.029945,1.030928,1.029472,1.029220,1.041843,1.031446,1.030599,1.022016,1.030745,1.031304,1.039054,1.044030,1.042895,1.038548,1.047464,0.987288,1.042223,1.042171,1.042093,1.047157,1.040514,1.050924,1.046240,1.038628,1.029602,0.981578,0.973426,0.969178,0.981801,0.988236,1.012865,1.048595,1.005832,0.984647,1.029851
5.572770,1.038408,1.027099,1.031248,1.023917,1.029895,1.030878,1.029426,1.029174,1.041822,1.031392,1.030547,1.021962,1.030690,1.031247,1.038981,1.043952,1.042823,1.038486,1.047378,0.987202,1.042138,1.042079,1.041999,1.047076,1.040430,1.050840,1.046161,1.038536,1.029509,0.981571,0.973375,0.969127,0.981720,0.988146,1.012772,1.048486,1.005751,0.984552,1.029847
5.581100,1.038396,1.027073,1.031201,1.023865,1.029846,1.030828,1.029379,1.029129,1.041801,1.031338,1.030494,1.021909,1.030635,1.031189,1.038909,1.043873,1.042751,1.038423,1.047292,0.987116,1.042052,1.041986,1.041904,1.046995,1.040346,1.050755,1.046082,1.038444,1.029415,0.981564,0.973324,0.969076,0.981639,0.988055,1.012678,1.048377,1.005669,0.984457,1.029843
5.589430,1.038385,1.027049,1.031155,1.023814,1.029797,1.030779,1.029332,1.029084,1.041781,1.031285,1.030442,1.021855,1.030580,1.031132,1.038837,1.043795,1.042680,1.038361,1.047206,0.987030,1.041967,1.041894,1.041810,1.046914,1.040261,1.050670,1.046004,1.038352,1.029321,0.981560,0.973274,0.969025,0.981558,0.987964,1.012585,1.048268,1.005587,0.984362,1.029840
5.597760,1.038375,1.027024,1.031109,1.023763,1.029748,1.030730,1.029286,1.029040,1.041761,1.031232,1.030391,1.021802,1.030526,1.031075,1.038765,1.043717,1.042608,1.038300,1.047120,0.986945,1.041882,1.041802,1.041716,1.046834,1.040177,1.050585,1.045925,1.038260,1.029226,0.981555,0.973224,0.968974,0.981477,0.987873,1.012491,1.048159,1.005504,0.984266,1.029838
5.606090,1.038365,1.027000,1.031064,1.023712,1.029700,1.030681,1.029241,1.028995,1.041742,1.031179,1.030339,1.021750,1.030472,1.031019,1.038693,1.043639,1.042537,1.038238,1.047034,0.986859,1.041797,1.041710,1.041622,1.046753,1.040092,1.050501,1.045847,1.038167,1.029132,0.981552,0.973174,0.968924,0.981396,0.987782,1.012398,1.048051,1.005422,0.984171,1.029836
5.614420,1.038356,1.026979,1.031020,1.023663,1.029653,1.030633,1.029196,1.028952,1.041723,1.031127,1.030289,1.021698,1.030420,1.030963,1.038623,1.043562,1.042466,1.038178,1.046948,0.986773,1.041712,1.041619,1.041529,1.046673,1.040007,1.050417,1.045769,1.038075,1.029038,0.981552,0.973125,0.968874,0.981316,0.987691,1.012306,1.047943,1.005339,0.984075,1.029834
5.622750,1.038348,1.026957,1.030976,1.023613,1.029606,1.030586,1.029152,1.028909,1.041705,1.031076,1.030239,1.021646,1.030367,1.030908,1.038552,1.043485,1.042396,1.038118,1.046863,0.986688,1.041629,1.041528,1.041436,1.046594,1.039923,1.050333,1.045691,1.037983,1.028945,0.981552,0.973077,0.968825,0.981236,0.987601,1.012213,1.047836,1.005257,0.983980,1.029833
5.631080,1.038341,1.026938,1.030934,1.023565,1.029560,1.030539,1.029108,1.028867,1.041687,1.031025,1.030189,1.021596,1.030316,1.030853,1.038483,1.043409,1.042327,1.038059,1.046779,0.986604,1.041546,1.041438,1.041344,1.046516,1.039839,1.050249,1.045615,1.037892,1.028851,0.981554,0.973030,0.968777,0.981156,0.987512,1.012122,1.047729,1.005175,0.983886,1.029833
5.639410,1.038335,1.026919,1.030892,1.023517,1.029515,1.030494,1.029065,1.028826,1.041671,1.030975,1.030141,1.021546,1.030265,1.030800,1.038414,1.043334,1.042259,1.038001,1.046695,0.986520,1.041463,1.041349,1.041253,1.046438,1.039756,1.050167,1.045538,1.037801,1.028759,0.981558,0.972983,0.968729,0.981077,0.987423,1.012031,1.047624,1.005093,0.983792,1.029833
5.647740,1.038330,1.026903,1.030852,1.023470,1.029470,1.030449,1.029024,1.028786,1.041655,1.030927,1.030094,1.021498,1.030215,1.030747,1.038346,1.043259,1.042192,1.037944,1.046613,0.986437,1.041382,1.041261,1.041163,1.046361,1.039673,1.050085,1.045463,1.037711,1.028667,0.981564,0.972937,0.968683,0.980999,0.987335,1.011941,1.047519,1.005012,0.983699,1.029834
5.656070,1.038326,1.026887,1.030813,1.023424,1.029427,1.030405,1.028983,1.028746,1.041639,1.030879,1.030047,1.021450,1.030166,1.030695,1.038279,1.043186,1.042125,1.037888,1.046530,0.986355,1.041301,1.041173,1.041073,1.046285,1.039590,1.050003,1.045389,1.037622,1.028576,0.981572,0.972892,0.968637,0.980921,0.987247,1.011852,1.047416,1.004931,0.983606,1.029836
5.664400,1.038323,1.026874,1.030776,1.023380,1.029385,1.030362,1.028943,1.028708,1.041625,1.030832,1.030002,1.021403,1.030118,1.030645,1.038213,1.043114,1.042060,1.037833,1.046450,0.986274,1.041222,1.041087,1.040985,1.046210,1.039509,1.049923,1.045316,1.037534,1.028486,0.981583,0.972848,0.968592,0.980845,0.987161,1.011763,1.047314,1.004851,0.983514,1.029838
5.672730,1.038321,1.026862,1.030739,1.023336,1.029343,1.030320,1.028904,1.028670,1.041611,1.030786,1.029957,1.021357,1.030071,1.030595,1.038148,1.043042,1.041996,1.037779,1.046370,0.986193,1.041144,1.041001,1.040898,1.046136,1.039428,1.049844,1.045243,1.037446,1.028396,0.981596,0.972805,0.968548,0.980769,0.987075,1.011676,1.047212,1.004771,0.983423,1.029841
5.681060,1.038321,1.026852,1.030705,1.023295,1.029304,1.030281,1.028867,1.028635,1.041599,1.030742,1.029914,1.021313,1.030026,1.030548,1.038085,1.042973,1.041933,1.037728,1.046291,0.986114,1.041068,1.040918,1.040813,1.046064,1.039349,1.049766,1.045173,1.037361,1.028308,0.981612,0.972764,0.968506,0.980695,0.986991,1.011590,1.047113,1.004693,0.983334,1.029845
5.689390,1.038321,1.026844,1.030672,1.023253,1.029265,1.030241,1.028830,1.028599,1.041587,1.030699,1.029872,1.021270,1.029982,1.030501,1.038023,1.042904,1.041872,1.037677,1.046214,0.986036,1.040992,1.040835,1.040728,1.045992,1.039270,1.049689,1.045103,1.037275,1.028221,0.981630,0.972724,0.968464,0.980621,0.986908,1.011505,1.047015,1.004615,0.983245,1.029849
5.697720,1.038323,1.026839,1.030641,1.023215,1.029228,1.030204,1.028796,1.028566,1.041576,1.030658,1.029832,1.021229,1.029940,1.030456,1.037963,1.042838,1.041813,1.037629,1.046139,0.985960,1.040918,1.040755,1.040646,1.045924,1.039193,1.049614,1.045035,1.037192,1.028136,0.981652,0.972685,0.968425,0.980549,0.986827,1.011422,1.046920,1.004538,0.983159,1.029854
5.706050,1.038327,1.026835,1.030612,1.023177,1.029192,1.030168,1.028762,1.028534,1.041566,1.030618,1.029794,1.021189,1.029899,1.030412,1.037904,1.042773,1.041755,1.037582,1.046064,0.985885,1.040846,1.040675,1.040565,1.045856,1.039117,1.049541,1.044969,1.037110,1.028052,0.981676,0.972648,0.968386,0.980479,0.986747,1.011341,1.046825,1.004463,0.983073,1.029860
5.714380,1.038332,1.026835,1.030585,1.023141,1.029158,1.030133,1.028730,1.028504,1.041558,1.030580,1.029757,1.021151,1.029860,1.030370,1.037847,1.042710,1.041699,1.037537,1.045992,0.985812,1.040776,1.040598,1.040486,1.045790,1.039043,1.049469,1.044904,1.037030,1.027970,0.981705,0.972612,0.968350,0.980410,0.986669,1.011261,1.046733,1.004389,0.982989,1.029867
5.722710,1.038339,1.026838,1.030561,1.023108,1.029126,1.030101,1.028701,1.028475,1.041551,1.030544,1.029722,1.021115,1.029822,1.030331,1.037793,1.042649,1.041645,1.037495,1.045922,0.985741,1.040708,1.040523,1.040409,1.045726,1.038970,1.049399,1.044842,1.036952,1.027890,0.981738,0.972578,0.968315,0.980343,0.986593,1.011183,1.046644,1.004316,0.982907,1.029875
5.731040,1.038347,1.026842,1.030538,1.023075,1.029096,1.030070,1.028672,1.028448,1.041545,1.030509,1.029688,1.021080,1.029787,1.030293,1.037740,1.042589,1.041593,1.037454,1.045854,0.985671,1.040642,1.040449,1.040335,1.045664,1.038900,1.049331,1.044782,1.036876,1.027812,0.981773,0.972546,0.968281,0.980277,0.986518,1.011106,1.046556,1.004245,0.982827,1.029883
5.739370,1.038356,1.026850,1.030518,1.023045,1.029067,1.030041,1.028645,1.028422,1.041540,1.030476,1.029657,1.021047,1.029753,1.030257,1.037688,1.042532,1.041544,1.037415,1.045787,0.985604,1.040577,1.040378,1.040262,1.045604,1.038830,1.049265,1.044723,1.036801,1.027736,0.981812,0.972515,0.968250,0.980214,0.986446,1.011032,1.046471,1.004176,0.982748,1.029893
5.747700,1.038367,1.026860,1.030500,1.023017,1.029040,1.030013,1.028620,1.028398,1.041536,1.030445,1.029627,1.021016,1.029721,1.030222,1.037639,1.042477,1.041496,1.037379,1.045723,0.985538,1.040515,1.040309,1.040191,1.045546,1.038763,1.049200,1.044666,1.036728,1.027661,0.981855,0.972486,0.968220,0.980152,0.986376,1.010959,1.046387,1.004108,0.982672,1.029903
5.756030,1.038380,1.026872,1.030484,1.022991,1.029015,1.029988,1.028597,1.028376,1.041534,1.030416,1.029599,1.020987,1.029691,1.030190,1.037593,1.042424,1.041451,1.037345,1.045661,0.985474,1.040455,1.040242,1.040123,1.045490,1.038697,1.049138,1.044612,1.036658,1.027589,0.981900,0.972458,0.968191,0.980092,0.986307,1.010889,1.046307,1.004042,0.982597,1.029914
5.764360,1.038394,1.026888,1.030471,1.022966,1.028992,1.029964,1.028576,1.028356,1.041532,1.030389,1.029573,1.020960,1.029663,1.030160,1.037548,1.042373,1.041407,1.037313,1.045600,0.985413,1.040397,1.040177,1.040057,1.045437,1.038634,1.049078,1.044560,1.036590,1.027518,0.981950,0.972433,0.968165,0.980034,0.986241,1.010820,1.046229,1.003977,0.982524,1.029925
5.772690,1.038409,1.026906,1.030460,1.022944,1.028970,1.029942,1.028556,1.028338,1.041532,1.030364,1.029549,1.020935,1.029638,1.030132,1.037505,1.042324,1.041366,1.037284,1.045543,0.985353,1.040342,1.040114,1.039993,1.045385,1.038572,1.049020,1.044510,1.036523,1.027450,0.982003,0.972409,0.968141,0.979978,0.986177,1.010754,1.046153,1.003914,0.982454,1.029938
5.781020,1.038426,1.026926,1.030452,1.022924,1.028951,1.029923,1.028539,1.028321,1.041534,1.030341,1.029527,1.020912,1.029614,1.030106,1.037465,1.042278,1.041328,1.037257,1.045487,0.985296,1.040289,1.040053,1.039931,1.045336,1.038513,1.048965,1.044462,1.036459,1.027384,0.982060,0.972388,0.968118,0.979924,0.986116,1.010690,1.046079,1.003853,0.982386,1.029951
5.789350,1.038445,1.026950,1.030446,1.022906,1.028934,1.029905,1.028523,1.028306,1.041536,1.030320,1.029507,1.020892,1.029592,1.030082,1.037426,1.042234,1.041291,1.037232,1.045434,0.985241,1.040237,1.039995,1.039872,1.045289,1.038455,1.048911,1.044416,1.036397,1.027321,0.982120,0.972368,0.968097,0.979873,0.986056,1.010627,1.046009,1.003794,0.982319,1.029965
5.797680,1.038465,1.026976,1.030442,1.022890,1.028918,1.029889,1.028509,1.028293,1.041540,1.030301,1.029489,1.020873,1.029572,1.030060,1.037391,1.042192,1.041257,1.037209,1.045383,0.985188,1.040189,1.039940,1.039815,1.045245,1.038400,1.048860,1.044373,1.036338,1.027259,0.982184,0.972349,0.968079,0.979823,0.985999,1.010568,1.045941,1.003737,0.982255,1.029980
5.806010,1.038486,1.027005,1.030441,1.022876,1.028905,1.029875,1.028497,1.028282,1.041544,1.030284,1.029473,1.020856,1.029554,1.030040,1.037357,1.042153,1.041226,1.037190,1.045334,0.985138,1.040143,1.039886,1.039761,1.045203,1.038346,1.048811,1.044332,1.036281,1.027200,0.982252,0.972333,0.968062,0.979776,0.985945,1.010510,1.045875,1.003682,0.982194,1.029996
5.814340,1.038509,1.027037,1.030443,1.022864,1.028893,1.029863,1.028487,1.028273,1.041551,1.030269,1.029460,1.020841,1.029539,1.030023,1.037326,1.042116,1.041197,1.037172,1.045288,0.985089,1.040099,1.039835,1.039709,1.045163,1.038295,1.048765,1.044294,1.036226,1.027143,0.982323,0.972319,0.968047,0.979730,0.985893,1.010455,1.045813,1.003629,0.982134,1.030013
5.822670,1.038534,1.027072,1.030446,1.022855,1.028884,1.029853,1.028479,1.028266,1.041558,1.030257,1.029448,1.020828,1.029525,1.030007,1.037297,1.042081,1.041170,1.037157,1.045244,0.985043,1.040057,1.039787,1.039660,1.045126,1.038246,1.048721,1.044258,1.036173,1.027089,0.982398,0.972307,0.968034,0.979687,0.985843,1.010401,1.045753,1.003577,0.982077,1.030030
5.831000,1.038560,1.027109,1.030453,1.022848,1.028877,1.029846,1.028472,1.028260,1.041566,1.030246,1.029438,1.020818,1.029514,1.029994,1.037270,1.042049,1.041145,1.037144,1.045203,0.985000,1.040018,1.039741,1.039613,1.045091,1.038200,1.048679,1.044224,1.036123,1.027037,0.982476,0.972296,0.968023,0.979646,0.985796,1.010351,1.045695,1.003528,0.982022,1.030048
5.839330,1.038587,1.027149,1.030462,1.022842,1.028871,1.029840,1.028468,1.028257,1.041576,1.030237,1.029430,1.020809,1.029505,1.029983,1.037246,1.042019,1.041124,1.037134,1.045164,0.984959,1.039982,1.039697,1.039569,1.045058,1.038155,1.048640,1.044193,1.036076,1.026987,0.982558,0.972287,0.968014,0.979608,0.985751,1.010302,1.045641,1.003481,0.981969,1.030066
5.847660,1.038616,1.027192,1.030473,1.022839,1.028868,1.029836,1.028466,1.028255,1.041587,1.030231,1.029425,1.020803,1.029498,1.029975,1.037224,1.041992,1.041104,1.037126,1.045127,0.984920,1.039947,1.039656,1.039527,1.045028,1.038113,1.048603,1.044164,1.036031,1.026940,0.982644,0.972281,0.968007,0.979571,0.985708,1.010256,1.045589,1.003436,0.981919,1.030086
5.855990,1.038646,1.027237,1.030487,1.022839,1.028867,1.029834,1.028465,1.028255,1.041599,1.030227,1.029421,1.020799,1.029493,1.029968,1.037204,1.041967,1.041087,1.037121,1.045093,0.984884,1.039916,1.039618,1.039488,1.045000,1.038073,1.048569,1.044138,1.035988,1.026895,0.982732,0.972276,0.968003,0.979537,0.985668,1.010212,1.045540,1.003393,0.981871,1.030106
5.864320,1.038678,1.027285,1.030503,1.022840,1.028867,1.029834,1.028467,1.028257,1.041613,1.030224,1.029420,1.020796,1.029490,1.029963,1.037187,1.041944,1.041072,1.037118,1.045062,0.984850,1.039886,1.039581,1.039451,1.044975,1.038035,1.048537,1.044114,1.035947,1.026853,0.982824,0.972273,0.967999,0.979505,0.985631,1.010171,1.045493,1.003352,0.981826,1.030127
5.872650,1.038711,1.027336,1.030521,1.022843,1.028870,1.029836,1.028470,1.028261,1.041627,1.030224,1.029420,1.020796,1.029489,1.029961,1.037172,1.041924,1.041060,1.037118,1.045032,0.984818,1.039859,1.039548,1.039417,1.044952,1.038000,1.048507,1.044092,1.035909,1.026813,0.982919,0.972271,0.967998,0.979475,0.985596,1.010131,1.045449,1.003313,0.981782,1.030148
5.880980,1.038745,1.027389,1.030542,1.022849,1.028874,1.029840,1.028475,1.028267,1.041643,1.030226,1.029423,1.020798,1.029490,1.029961,1.037159,1.041907,1.041050,1.037120,1.045006,0.984789,1.039835,1.039516,1.039385,1.044932,1.037967,1.048480,1.044073,1.035874,1.026776,0.983018,0.972272,0.967999,0.979448,0.985564,1.010094,1.045408,1.003277,0.981741,1.030170
5.889310,1.038781,1.027444,1.030565,1.022856,1.028881,1.029846,1.028482,1.028274,1.041659,1.030230,1.029427,1.020802,1.029494,1.029963,1.037149,1.041891,1.041043,1.037124,1.044981,0.984762,1.039813,1.039487,1.039356,1.044914,1.037936,1.048455,1.044056,1.035841,1.026741,0.983119,0.972275,0.968002,0.979422,0.985534,1.010060,1.045370,1.003242,0.981703,1.030193
5.897640,1.038818,1.027502,1.030591,1.022866,1.028889,1.029854,1.028491,1.028284,1.041677,1.030235,1.029434,1.020808,1.029499,1.029967,1.037140,1.041878,1.041038,1.037130,1.044959,0.984738,1.039793,1.039461,1.039329,1.044898,1.037907,1.048432,1.044042,1.035810,1.026708,0.983224,0.972279,0.968006,0.979399,0.985506,1.010027,1.045334,1.003209,0.981666,1.030216
5.905970,1.038856,1.027562,1.030619,1.022877,1.028899,1.029864,1.028501,1.028295,1.041696,1.030243,1.029442,1.020816,1.029506,1.029973,1.037134,1.041867,1.041035,1.037139,1.044940,0.984716,1.039776,1.039436,1.039305,1.044885,1.037881,1.048412,1.044029,1.035781,1.026677,0.983331,0.972285,0.968013,0.979378,0.985481,1.009997,1.045301,1.003179,0.981632,1.030240
5.914300,1.038895,1.027625,1.030648,1.022891,1.028911,1.029875,1.028514,1.028307,1.041716,1.030253,1.029452,1.020825,1.029515,1.029981,1.037131,1.041859,1.041034,1.037150,1.044922,0.984696,1.039761,1.039415,1.039283,1.044874,1.037856,1.048394,1.044019,1.035755,1.026649,0.983441,0.972292,0.968021,0.979359,0.985458,1.009969,1.045270,1.003150,0.981600,1.030264
5.922630,1.038935,1.027689,1.030680,1.022906,1.028925,1.029889,1.028528,1.028322,1.041737,1.030264,1.029464,1.020837,1.029526,1.029991,1.037129,1.041852,1.041036,1.037163,1.044907,0.984678,1.039748,1.039395,1.039263,1.044865,1.037834,1.048378,1.044012,1.035731,1.026623,0.983554,0.972301,0.968031,0.979342,0.985438,1.009943,1.045242,1.003124,0.981571,1.030289
5.930960,1.038976,1.027756,1.030714,1.022924,1.028940,1.029904,1.028543,1.028338,1.041758,1.030278,1.029478,1.020850,1.029539,1.030003,1.037129,1.041848,1.041039,1.037178,1.044895,0.984662,1.039737,1.039378,1.039245,1.044858,1.037814,1.048364,1.044006,1.035710,1.026600,0.983670,0.972312,0.968042,0.979328,0.985420,1.009920,1.045216,1.003099,0.981543,1.030315
5.939290,1.039019,1.027825,1.030750,1.022943,1.028958,1.029920,1.028561,1.028355,1.041781,1.030293,1.029494,1.020865,1.029554,1.030016,1.037132,1.041846,1.041045,1.037196,1.044884,0.984649,1.039728,1.039362,1.039230,1.044853,1.037795,1.048353,1.044003,1.035690,1.026578,0.983788,0.972325,0.968056,0.979315,0.985404,1.009898,1.045193,1.003076,0.981518,1.030340
5.947620,1.039062,1.027896,1.030788,1.022964,1.028976,1.029939,1.028579,1.028374,1.041805,1.030309,1.029511,1.020882,1.029570,1.030032,1.037136,1.041846,1.041053,1.037215,1.044876,0.984638,1.039722,1.039349,1.039217,1.044851,1.037779,1.048343,1.044001,1.035673,1.026559,0.983908,0.972339,0.968071,0.979304,0.985390,1.009878,1.045172,1.003056,0.981495,1.030367
5.955950,1.039106,1.027969,1.030828,1.022987,1.028997,1.029959,1.028600,1.028395,1.041829,1.030328,1.029530,1.020901,1.029588,1.030049,1.037142,1.041848,1.041063,1.037236,1.044869,0.984629,1.039717,1.039338,1.039206,1.044850,1.037765,1.048336,1.044002,1.035658,1.026542,0.984031,0.972354,0.968087,0.979295,0.985378,1.009861,1.045154,1.003037,0.981473,1.030393
5.964280,1.039151,1.028043,1.030870,1.023011,1.029019,1.029980,1.028621,1.028417,1.041854,1.030348,1.029550,1.020921,1.029608,1.030068,1.037151,1.041852,1.041074,1.037259,1.044865,0.984621,1.039715,1.039329,1.039197,1.044852,1.037753,1.048331,1.044004,1.035644,1.026526,0.984155,0.972371,0.968105,0.979288,0.985369,1.009845,1.045137,1.003019,0.981454,1.030420
5.972610,1.039197,1.028119,1.030913,1.023037,1.029042,1.030003,1.028645,1.028440,1.041880,1.030370,1.029573,1.020943,1.029630,1.030089,1.037161,1.041858,1.041088,1.037284,1.044862,0.984616,1.039715,1.039322,1.039190,1.044855,1.037742,1.048327,1.044009,1.035633,1.026513,0.984282,0.972389,0.968125,0.979283,0.985361,1.009831,1.045123,1.003004,0.981436,1.030448
5.980940,1.039244,1.028197,1.030959,1.023065,1.029067,1.030027,1.028669,1.028465,1.041907,1.030393,1.029596,1.020966,1.029653,1.030111,1.037173,1.041866,1.041103,1.037311,1.044862,0.984613,1.039716,1.039317,1.039185,1.044861,1.037734,1.048326,1.044015,1.035624,1.026502,0.984411,0.972409,0.968146,0.979279,0.985356,1.009819,1.045111,1.002990,0.981421,1.030475
5.989270,1.039292,1.028276,1.031005,1.023094,1.029093,1.030053,1.028695,1.028491,1.041935,1.030417,1.029621,1.020991,1.029677,1.030135,1.037186,1.041875,1.041121,1.037340,1.044863,0.984611,1.039719,1.039314,1.039182,1.044868,1.037727,1.048326,1.044023,1.035616,1.026492,0.984541,0.972429,0.968168,0.979277,0.985352,1.009809,1.045101,1.002978,0.981407,1.030503
5.997600,1.039340,1.028357,1.031054,1.023124,1.029121,1.030080,1.028722,1.028518,1.041963,1.030443,1.029647,1.021017,1.029703,1.030160,1.037201,1.041886,1.041139,1.037370,1.044866,0.984612,1.039724,1.039312,1.039181,1.044876,1.037722,1.048328,1.044033,1.035611,1.026484,0.984674,0.972451,0.968191,0.979277,0.985351,1.009800,1.045092,1.002968,0.981395,1.030531
6.005930,1.039389,1.028440,1.031103,1.023156,1.029150,1.030109,1.028751,1.028546,1.041991,1.030471,1.029675,1.021044,1.029730,1.030187,1.037218,1.041899,1.041160,1.037401,1.044871,0.984614,1.039730,1.039312,1.039182,1.044887,1.037718,1.048331,1.044045,1.035607,1.026478,0.984808,0.972475,0.968216,0.979278,0.985351,1.009793,1.045086,1.002959,0.981384,1.030560
6.014260,1.039438,1.028523,1.031154,1.023190,1.029180,1.030138,1.028780,1.028576,1.042021,1.030499,1.029704,1.021073,1.029758,1.030215,1.037236,1.041913,1.041182,1.037434,1.044878,0.984617,1.039739,1.039314,1.039184,1.044899,1.037716,1.048337,1.044058,1.035604,1.026474,0.984943,0.972499,0.968242,0.979281,0.985352,1.009788,1.045081,1.002951,0.981376,1.030588
6.022590,1.039488,1.028608,1.031207,1.023224,1.029211,1.030169,1.028811,1.028606,1.042051,1.030529,1.029734,1.021103,1.029788,1.030244,1.037256,1.041929,1.041205,1.037469,1.044886,0.984622,1.039748,1.039317,1.039187,1.044913,1.037715,1.048343,1.044072,1.035604,1.026471,0.985080,0.972524,0.968269,0.979285,0.985356,1.009784,1.045079,1.002945,0.981368,1.030617
6.030920,1.039539,1.028694,1.031260,1.023260,1.029244,1.030201,1.028842,1.028638,1.042081,1.030560,1.029765,1.021134,1.029819,1.030275,1.037277,1.041947,1.041230,1.037505,1.044895,0.984629,1.039760,1.039322,1.039193,1.044928,1.037716,1.048352,1.044088,1.035604,1.026470,0.985218,0.972551,0.968298,0.979290,0.985361,1.009782,1.045077,1.002940,0.981362,1.030646
6.039250,1.039590,1.028781,1.031315,1.023297,1.029277,1.030233,1.028875,1.028671,1.042112,1.030592,1.029798,1.021166,1.029851,1.030307,1.037300,1.041965,1.041256,1.037542,1.044906,0.984637,1.039772,1.039329,1.039199,1.044944,1.037719,1.048361,1.044105,1.035607,1.026470,0.985357,0.972578,0.968327,0.979297,0.985367,1.009781,1.045078,1.002937,0.981358,1.030675
6.047580,1.039642,1.028869,1.031371,1.023335,1.029311,1.030267,1.028909,1.028704,1.042143,1.030626,1.029831,1.021199,1.029884,1.030339,1.037323,1.041985,1.041284,1.037580,1.044919,0.984646,1.039786,1.039336,1.039207,1.044962,1.037722,1.048372,1.044124,1.035610,1.026472,0.985497,0.972606,0.968357,0.979305,0.985375,1.009781,1.045079,1.002935,0.981355,1.030704
6.055910,1.039694,1.028958,1.031428,1.023374,1.029347,1.030302,1.028943,1.028738,1.042174,1.030660,1.029865,1.021234,1.029918,1.030373,1.037348,1.042007,1.041312,1.037620,1.044932,0.984657,1.039801,1.039345,1.039217,1.044981,1.037727,1.048385,1.044144,1.035615,1.026475,0.985638,0.972635,0.968388,0.979314,0.985384,1.009782,1.045082,1.002934,0.981353,1.030733
6.064240,1.039746,1.029048,1.031486,1.023414,1.029383,1.030338,1.028978,1.028773,1.042206,1.030695,1.029901,1.021269,1.029953,1.030408,1.037374,1.042029,1.041342,1.037660,1.044947,0.984669,1.039817,1.039355,1.039227,1.045001,1.037733,1.048398,1.044165,1.035621,1.026479,0.985780,0.972665,0.968420,0.979325,0.985395,1.009785,1.045087,1.002934,0.981352,1.030762
6.072570,1.039798,1.029139,1.031545,1.023455,1.029420,1.030374,1.029014,1.028809,1.042239,1.030731,1.029937,1.021305,1.029989,1.030444,1.037401,1.042052,1.041373,1.037702,1.044963,0.984682,1.039835,1.039366,1.039239,1.045023,1.037740,1.048413,1.044187,1.035629,1.026484,0.985923,0.972695,0.968453,0.979336,0.985406,1.009789,1.045092,1.002935,0.981353,1.030792
6.080900,1.039851,1.029230,1.031605,1.023496,1.029457,1.030411,1.029051,1.028846,1.042271,1.030767,1.029974,1.021342,1.030026,1.030481,1.037429,1.042077,1.041405,1.037744,1.044980,0.984696,1.039853,1.039379,1.039252,1.045045,1.037748,1.048428,1.044210,1.035637,1.026490,0.986067,0.972726,0.968487,0.979348,0.985419,1.009793,1.045099,1.002937,0.981354,1.030821
6.089230,1.039904,1.029322,1.031665,1.023539,1.029496,1.030449,1.029088,1.028883,1.042304,1.030805,1.030011,1.021379,1.030063,1.030518,1.037458,1.042102,1.041437,1.037787,1.044998,0.984712,1.039873,1.039392,1.039266,1.045069,1.037757,1.048445,1.044234,1.035646,1.026498,0.986211,0.972758,0.968521,0.979362,0.985433,1.009799,1.045107,1.002940,0.981357,1.030850
6.097560,1.039958,1.029414,1.031726,1.023582,1.029535,1.030487,1.029126,1.028920,1.042337,1.030843,1.030049,1.021417,1.030101,1.030556,1.037488,1.042129,1.041471,1.037831,1.045017,0.984728,1.039893,1.039406,1.039280,1.045093,1.037767,1.048463,1.044259,1.035657,1.026506,0.986356,0.972790,0.968556,0.979376,0.985447,1.009806,1.045116,1.002944,0.981360,1.030879
6.105890,1.040011,1.029507,1.031788,1.023626,1.029574,1.030526,1.029165,1.028959,1.042370,1.030882,1.030088,1.021456,1.030140,1.030595,1.037518,1.042156,1.041505,1.037876,1.045037,0.984745,1.039914,1.039421,1.039296,1.045118,1.037778,1.048481,1.044285,1.035668,1.026515,0.986501,0.972823,0.968591,0.979390,0.985463,1.009813,1.045126,1.002949,0.981365,1.030908
6.114220,1.040065,1.029601,1.031850,1.023670,1.029614,1.030566,1.029204,1.028997,1.042403,1.030921,1.030128,1.021496,1.030179,1.030634,1.037549,1.042184,1.041540,1.037921,1.045058,0.984762,1.039936,1.039437,1.039312,1.045144,1.037789,1.048500,1.044312,1.035680,1.026525,0.986646,0.972856,0.968627,0.979406,0.985479,1.009822,1.045136,1.002955,0.981370,1.030937
6.122550,1.040118,1.029695,1.031913,1.023715,1.029655,1.030606,1.029243,1.029036,1.042436,1.030961,1.030167,1.021536,1.030219,1.030675,1.037581,1.042212,1.041576,1.037968,1.045079,0.984781,1.039959,1.039454,1.039330,1.045171,1.037802,1.048520,1.044339,1.035693,1.026536,0.986792,0.972890,0.968664,0.979422,0.985497,1.009831,1.045147,1.002961,0.981376,1.030966
6.130880,1.040172,1.029789,1.031977,1.023761,1.029696,1.030646,1.029283,1.029076,1.042470,1.031001,1.030208,1.021576,1.030260,1.030715,1.037614,1.042242,1.041612,1.038014,1.045101,0.984800,1.039982,1.039471,1.039348,1.045198,1.037815,1.048541,1.044367,1.035707,1.026548,0.986938,0.972924,0.968700,0.979439,0.985514,1.009840,1.045159,1.002968,0.981382,1.030994
6.139210,1.040226,1.029883,1.032040,1.023807,1.029737,1.030687,1.029323,1.029116,1.042503,1.031042,1.030249,1.021617,1.030300,1.030756,1.037647,1.042272,1.041649,1.038061,1.045124,0.984820,1.040006,1.039489,1.039366,1.045226,1.037828,1.048562,1.044395,1.035721,1.026560,0.987084,0.972959,0.968738,0.979456,0.985533,1.009851,1.045172,1.002975,0.981389,1.031023
6.147540,1.040280,1.029978,1.032104,1.023853,1.029779,1.030728,1.029364,1.029156,1.042537,1.031083,1.030290,1.021658,1.030342,1.030798,1.037680,1.042302,1.041686,1.038109,1.045147,0.984840,1.040031,1.039508,1.039385,1.045254,1.037842,1.048583,1.044424,1.035735,1.026572,0.987231,0.972993,0.968775,0.979474,0.985552,1.009862,1.045185,1.002983,0.981397,1.031051
6.155870,1.040333,1.030072,1.032169,1.023900,1.029821,1.030770,1.029404,1.029196,1.042570,1.031124,1.030331,1.021700,1.030383,1.030839,1.037714,1.042333,1.041724,1.038157,1.045171,0.984861,1.040056,1.039527,1.039405,1.045283,1.037857,1.048605,1.044453,1.035751,1.026585,0.987377,0.973028,0.968813,0.979492,0.985572,1.009873,1.045199,1.002992,0.981405,1.031079
6.164200,1.040387,1.030167,1.032233,1.023947,1.029864,1.030812,1.029445,1.029237,1.042604,1.031166,1.030373,1.021741,1.030425,1.030882,1.037749,1.042364,1.041762,1.038205,1.045195,0.984883,1.040081,1.039546,1.039425,1.045313,1.037872,1.048628,1.044483,1.035766,1.026599,0.987524,0.973063,0.968851,0.979511,0.985591,1.009885,1.045213,1.003000,0.981413,1.031107
6.172530,1.040441,1.030262,1.032298,1.023994,1.029906,1.030854,1.029486,1.029278,1.042637,1.031208,1.030415,1.021783,1.030467,1.030924,1.037784,1.042396,1.041801,1.038253,1.045219,0.984904,1.040107,1.039566,1.039445,1.045343,1.037887,1.048651,1.044513,1.035782,1.026613,0.987670,0.973099,0.968890,0.979530,0.985612,1.009897,1.045227,1.003010,0.981422,1.031134
6.180860,1.040494,1.030357,1.032363,1.024042,1.029949,1.030896,1.029528,1.029319,1.042670,1.031250,1.030457,1.021826,1.030509,1.030967,1.037819,1.042428,1.041840,1.038302,1.045244,0.984926,1.040133,1.039586,1.039466,1.045373,1.037902,1.048674,1.044544,1.035799,1.026627,0.987817,0.973134,0.968928,0.979549,0.985632,1.009909,1.045242,1.003019,0.981431,1.031162
6.189190,1.040548,1.030452,1.032428,1.024089,1.029992,1.030938,1.029569,1.029360,1.042704,1.031292,1.030499,1.021868,1.030552,1.031010,1.037854,1.042460,1.041879,1.038351,1.045269,0.984949,1.040160,1.039607,1.039487,1.045403,1.037918,1.048698,1.044574,1.035815,1.026642,0.987963,0.973170,0.968967,0.979568,0.985653,1.009922,1.045257,1.003029,0.981441,1.031189
6.197520,1.040601,1.030547,1.032494,1.024137,1.030035,1.030980,1.029611,1.029401,1.042737,1.031335,1.030542,1.021911,1.030594,1.031053,1.037890,1.042492,1.041918,1.038400,1.045295,0.984971,1.040186,1.039627,1.039508,1.045434,1.037934,1.048721,1.044605,1.035832,1.026656,0.988109,0.973206,0.969005,0.979588,0.985675,1.009935,1.045272,1.003039,0.981450,1.031216
6.205850,1.040654,1.030642,1.032559,1.024185,1.030078,1.031023,1.029652,1.029442,1.042769,1.031377,1.030584,1.021953,1.030637,1.031096,1.037925,1.042525,1.041957,1.038449,1.045320,0.984994,1.040213,1.039648,1.039529,1.045465,1.037951,1.048745,1.044636,1.035849,1.026671,0.988255,0.973241,0.969044,0.979608,0.985696,1.009949,1.045287,1.003049,0.981460,1.031242
6.214180,1.040707,1.030738,1.032624,1.024234,1.030121,1.031066,1.029694,1.029484,1.042802,1.031420,1.030627,1.021997,1.030680,1.031139,1.037962,1.042558,1.041997,1.038499,1.045346,0.985017,1.040241,1.039670,1.039551,1.045496,1.037967,1.048769,1.044667,1.035867,1.026687,0.988401,0.973277,0.969083,0.979628,0.985718,1.009963,1.045303,1.003060,0.981471,1.031269
6.222510,1.040760,1.030832,1.032690,1.024282,1.030164,1.031108,1.029736,1.029525,1.042835,1.031463,1.030670,1.022039,1.030723,1.031183,1.037998,1.042591,1.042036,1.038548,1.045372,0.985040,1.040268,1.039691,1.039573,1.045527,1.037984,1.048793,1.044699,1.035884,1.026702,0.988547,0.973313,0.969122,0.979648,0.985739,1.009976,1.045318,1.003070,0.981481,1.031295
6.230840,1.040813,1.030927,1.032755,1.024330,1.030208,1.031151,1.029778,1.029567,1.042868,1.031506,1.030713,1.022083,1.030766,1.031227,1.038034,1.042624,1.042076,1.038598,1.045399,0.985064,1.040295,1.039712,1.039595,1.045559,1.038001,1.048818,1.044730,1.035902,1.026717,0.988692,0.973349,0.969162,0.979668,0.985761,1.009990,1.045334,1.003081,0.981491,1.031321
6.239170,1.040865,1.031022,1.032821,1.024378,1.030251,1.031194,1.029820,1.029608,1.042900,1.031548,1.030755,1.022125,1.030809,1.031270,1.038070,1.042657,1.042116,1.038647,1.045425,0.985087,1.040323,1.039734,1.039617,1.045590,1.038017,1.048842,1.044762,1.035920,1.026733,0.988837,0.973385,0.969200,0.979688,0.985783,1.010004,1.045349,1.003091,0.981501,1.031346
6.247500,1.040918,1.031116,1.032886,1.024427,1.030294,1.031236,1.029861,1.029649,1.042932,1.031591,1.030798,1.022168,1.030852,1.031313,1.038107,1.042690,1.042155,1.038697,1.045451,0.985110,1.040350,1.039755,1.039638,1.045622,1.038034,1.048866,1.044793,1.035937,1.026748,0.988982,0.973421,0.969239,0.979709,0.985804,1.010018,1.045365,1.003102,0.981512,1.031371
6.255830,1.040970,1.031211,1.032951,1.024475,1.030337,1.031279,1.029903,1.029690,1.042964,1.031634,1.030841,1.022211,1.030895,1.031357,1.038143,1.042724,1.042195,1.038746,1.045477,0.985134,1.040378,1.039777,1.039661,1.045653,1.038051,1.048891,1.044825,1.035955,1.026764,0.989127,0.973457,0.969278,0.979729,0.985826,1.010033,1.045381,1.003113,0.981522,1.031396
6.264160,1.041022,1.031305,1.033017,1.024524,1.030381,1.031322,1.029945,1.029732,1.042996,1.031677,1.030884,1.022254,1.030938,1.031401,1.038180,1.042757,1.042235,1.038796,1.045503,0.985158,1.040406,1.039799,1.039683,1.045685,1.038068,1.048915,1.044856,1.035973,1.026779,0.989272,0.973493,0.969317,0.979749,0.985848,1.010047,1.045396,1.003123,0.981533,1.031421
6.272490,1.041074,1.031399,1.033082,1.024572,1.030424,1.031364,1.029986,1.029772,1.043027,1.031719,1.030926,1.022297,1.030981,1.031444,1.038216,1.042791,1.042275,1.038845,1.045530,0.985181,1.040433,1.039820,1.039705,1.045717,1.038084,1.048939,1.044887,1.035990,1.026795,0.989416,0.973528,0.969356,0.979769,0.985870,1.010061,1.045411,1.003134,0.981543,1.031445
6.280820,1.041125,1.031493,1.033146,1.024620,1.030466,1.031406,1.030027,1.029813,1.043058,1.031762,1.030968,1.022339,1.031024,1.031487,1.038252,1.042824,1.042314,1.038894,1.045555,0.985204,1.040460,1.039842,1.039726,1.045748,1.038100,1.048963,1.044918,1.036007,1.026810,0.989560,0.973563,0.969395,0.979789,0.985891,1.010075,1.045426,1.003144,0.981552,1.031468
6.289150,1.041176,1.031587,1.033211,1.024668,1.030509,1.031448,1.030068,1.029854,1.043089,1.031804,1.031010,1.022382,1.031066,1.031530,1.038288,1.042857,1.042354,1.038943,1.045581,0.985227,1.040488,1.039863,1.039748,1.045779,1.038117,1.048987,1.044949,1.036025,1.026825,0.989704,0.973599,0.969433,0.979809,0.985912,1.010089,1.045441,1.003154,0.981562,1.031492
6.297480,1.041227,1.031680,1.033276,1.024716,1.030552,1.031490,1.030110,1.029895,1.043120,1.031846,1.031053,1.022425,1.031109,1.031574,1.038325,1.042890,1.042393,1.038993,1.045607,0.985250,1.040515,1.039885,1.039770,1.045811,1.038133,1.049011,1.044981,1.036042,1.026840,0.989847,0.973634,0.969472,0.979829,0.985934,1.010103,1.045456,1.003165,0.981572,1.031515
6.305810,1.041278,1.031774,1.033341,1.024764,1.030595,1.031532,1.030151,1.029935,1.043150,1.031889,1.031095,1.022467,1.031152,1.031617,1.038361,1.042923,1.042432,1.039042,1.045633,0.985273,1.040542,1.039906,1.039792,1.045843,1.038149,1.049035,1.045012,1.036059,1.026855,0.989991,0.973669,0.969510,0.979849,0.985955,1.010117,1.045471,1.003175,0.981582,1.031538
6.314140,1.041329,1.031867,1.033405,1.024812,1.030637,1.031574,1.030192,1.029976,1.043180,1.031931,1.031137,1.022509,1.031194,1.031660,1.038397,1.042956,1.042472,1.039091,1.045659,0.985296,1.040570,1.039927,1.039813,1.045874,1.038165,1.049059,1.045042,1.036076,1.026870,0.990134,0.973704,0.969548,0.979869,0.985976,1.010131,1.045486,1.003185,0.981592,1.031561
6.322470,1.041379,1.031960,1.033469,1.024859,1.030680,1.031616,1.030233,1.030016,1.043210,1.031973,1.031179,1.022552,1.031236,1.031703,1.038433,1.042989,1.042511,1.039139,1.045685,0.985319,1.040597,1.039949,1.039835,1.045905,1.038181,1.049082,1.045073,1.036093,1.026884,0.990276,0.973739,0.969587,0.979889,0.985997,1.010145,1.045500,1.003194,0.981602,1.031583
6.330800,1.041430,1.032052,1.033534,1.024907,1.030722,1.031658,1.030273,1.030056,1.043240,1.032015,1.031221,1.022594,1.031279,1.031746,1.038469,1.043022,1.042550,1.039188,1.045711,0.985342,1.040624,1.039970,1.039857,1.045937,1.038197,1.049106,1.045104,1.036110,1.026899,0.990419,0.973774,0.969625,0.979908,0.986018,1.010159,1.045514,1.003204,0.981611,1.031605
6.339130,1.041479,1.032145,1.033598,1.024955,1.030764,1.031700,1.030314,1.030096,1.043270,1.032057,1.031263,1.022636,1.031321,1.031789,1.038505,1.043054,1.042589,1.039236,1.045736,0.985365,1.040651,1.039991,1.039878,1.045968,1.038212,1.049129,1.045134,1.036127,1.026913,0.990561,0.973809,0.969663,0.979928,0.986038,1.010173,1.045529,1.003214,0.981620,1.031626
6.347460,1.041529,1.032237,1.033661,1.025002,1.030806,1.031741,1.030354,1.030136,1.043299,1.032099,1.031305,1.022678,1.031363,1.031832,1.038541,1.043087,1.042628,1.039285,1.045762,0.985387,1.040678,1.040012,1.039899,1.045999,1.038228,1.049152,1.045164,1.036143,1.026927,0.990703,0.973844,0.969700,0.979947,0.986059,1.010187,1.045542,1.003223,0.981629,1.031647
6.355790,1.041579,1.032330,1.033725,1.025049,1.030848,1.031782,1.030394,1.030176,1.043328,1.032140,1.031346,1.022719,1.031405,1.031874,1.038576,1.043120,1.042666,1.039333,1.045787,0.985410,1.040705,1.040033,1.039920,1.046030,1.038243,1.049175,1.045195,1.036159,1.026941,0.990845,0.973878,0.969738,0.979967,0.986079,1.010201,1.045556,1.003232,0.981638,1.031668
6.364120,1.041628,1.032422,1.033789,1.025096,1.030890,1.031823,1.030434,1.030215,1.043356,1.032181,1.031387,1.022761,1.031446,1.031917,1.038612,1.043152,1.042705,1.039381,1.045812,0.985432,1.040732,1.040054,1.039941,1.046060,1.038258,1.049197,1.045224,1.036175,1.026955,0.990987,0.973913,0.969775,0.979986,0.986099,1.010214,1.045569,1.003241,0.981647,1.031689
6.372450,1.041677,1.032513,1.033852,1.025143,1.030931,1.031864,1.030474,1.030255,1.043384,1.032223,1.031429,1.022802,1.031488,1.031959,1.038647,1.043184,1.042743,1.039429,1.045837,0.985454,1.040758,1.040074,1.039962,1.046091,1.038272,1.049220,1.045254,1.036191,1.026969,0.991129,0.973947,0.969813,0.980005,0.986119,1.010228,1.045583,1.003249,0.981655,1.031709
6.380780,1.041725,1.032605,1.033915,1.025190,1.030973,1.031905,1.030514,1.030294,1.043412,1.032264,1.031470,1.022844,1.031529,1.032001,1.038683,1.043216,1.042781,1.039477,1.045862,0.985476,1.040785,1.040095,1.039983,1.046122,1.038287,1.049242,1.045284,1.036207,1.026982,0.991270,0.973981,0.969850,0.980024,0.986138,1.010241,1.045596,1.003258,0.981664,1.031729
6.389110,1.041774,1.032697,1.033978,1.025237,1.031014,1.031946,1.030554,1.030333,1.043440,1.032305,1.031510,1.022885,1.031571,1.032043,1.038718,1.043248,1.042819,1.039524,1.045887,0.985498,1.040811,1.040115,1.040003,1.046152,1.038301,1.049264,1.045313,1.036222,1.026995,0.991412,0.974015,0.969887,0.980042,0.986158,1.010255,1.045609,1.003266,0.981672,1.031748
6.397440,1.041822,1.032788,1.034041,1.025284,1.031055,1.031986,1.030593,1.030372,1.043468,1.032346,1.031551,1.022926,1.031612,1.032085,1.038753,1.043280,1.042857,1.039572,1.045912,0.985520,1.040838,1.040136,1.040024,1.046182,1.038315,1.049286,1.045342,1.036237,1.027009,0.991553,0.974049,0.969924,0.980061,0.986177,1.010268,1.045621,1.003274,0.981680,1.031767
6.405770,1.041870,1.032879,1.034104,1.025330,1.031096,1.032027,1.030632,1.030411,1.043495,1.032386,1.031592,1.022967,1.031653,1.032127,1.038788,1.043312,1.042895,1.039619,1.045936,0.985541,1.040864,1.040156,1.040044,1.046213,1.038329,1.049308,1.045371,1.036253,1.027021,0.991694,0.974082,0.969961,0.980080,0.986197,1.010281,1.045634,1.003281,0.981688,1.031786
6.414100,1.041918,1.032970,1.034167,1.025376,1.031137,1.032067,1.030671,1.030449,1.043522,1.032427,1.031632,1.023007,1.031694,1.032169,1.038823,1.043344,1.042933,1.039666,1.045961,0.985563,1.040890,1.040176,1.040064,1.046243,1.038342,1.049329,1.045400,1.036268,1.027034,0.991835,0.974116,0.969998,0.980098,0.986216,1.010294,1.045646,1.003289,0.981696,1.031804
6.422430,1.041965,1.033061,1.034229,1.025423,1.031178,1.032107,1.030710,1.030488,1.043548,1.032467,1.031673,1.023048,1.031734,1.032211,1.038858,1.043375,1.042970,1.039713,1.045985,0.985584,1.040916,1.040196,1.040084,1.046273,1.038356,1.049351,1.045429,1.036282,1.027047,0.991976,0.974150,0.970034,0.980117,0.986235,1.010307,1.045658,1.003296,0.981703,1.031822
6.430760,1.042012,1.033152,1.034292,1.025469,1.031218,1.032147,1.030749,1.030526,1.043575,1.032508,1.031713,1.023089,1.031775,1.032252,1.038893,1.043407,1.043008,1.039760,1.046010,0.985606,1.040942,1.040216,1.040104,1.046303,1.038369,1.049372,1.045458,1.036297,1.027059,0.992117,0.974183,0.970071,0.980135,0.986254,1.010320,1.045670,1.003303,0.981711,1.031840
6.439090,1.042060,1.033243,1.034354,1.025515,1.031259,1.032187,1.030788,1.030564,1.043601,1.032548,1.031753,1.023129,1.031816,1.032294,1.038927,1.043439,1.043045,1.039807,1.046034,0.985627,1.040968,1.040236,1.040124,1.046333,1.038382,1.049393,1.045487,1.036312,1.027072,0.992258,0.974216,0.970107,0.980154,0.986272,1.010334,1.045682,1.003310,0.981718,1.031857
6.447420,1.042106,1.033334,1.034416,1.025561,1.031299,1.032227,1.030826,1.030602,1.043627,1.032588,1.031793,1.023169,1.031856,1.032335,1.038962,1.043470,1.043083,1.039854,1.046058,0.985648,1.040994,1.040256,1.040144,1.046363,1.038395,1.049414,1.045515,1.036326,1.027084,0.992399,0.974249,0.970143,0.980172,0.986291,1.010347,1.045694,1.003317,0.981725,1.031874
6.455750,1.042153,1.033424,1.034479,1.025607,1.031340,1.032267,1.030865,1.030640,1.043652,1.032628,1.031833,1.023210,1.031897,1.032376,1.038997,1.043502,1.043120,1.039901,1.046083,0.985670,1.041020,1.040276,1.040164,1.046393,1.038408,1.049435,1.045544,1.036341,1.027096,0.992540,0.974283,0.970179,0.980191,0.986310,1.010360,1.045706,1.003324,0.981732,1.031890
6.464080,1.042199,1.033515,1.034541,1.025653,1.031380,1.032306,1.030903,1.030678,1.043678,1.032668,1.031873,1.023250,1.031937,1.032417,1.039031,1.043533,1.043157,1.039948,1.046107,0.985691,1.041045,1.040296,1.040184,1.046423,1.038421,1.049456,1.045572,1.036355,1.027108,0.992680,0.974316,0.970216,0.980209,0.986328,1.010373,1.045718,1.003330,0.981739,1.031907
6.472410,1.042246,1.033605,1.034603,1.025698,1.031420,1.032346,1.030942,1.030715,1.043703,1.032708,1.031913,1.023290,1.031977,1.032459,1.039066,1.043564,1.043195,1.039995,1.046131,0.985712,1.041071,1.040316,1.040204,1.046453,1.038433,1.049477,1.045600,1.036369,1.027120,0.992821,0.974349,0.970252,0.980227,0.986347,1.010386,1.045730,1.003336,0.981747,1.031923
6.480740,1.042292,1.033696,1.034665,1.025744,1.031460,1.032385,1.030980,1.030753,1.043728,1.032748,1.031953,1.023330,1.032018,1.032500,1.039100,1.043596,1.043232,1.040041,1.046155,0.985733,1.041097,1.040336,1.040224,1.046483,1.038446,1.049498,1.045628,1.036383,1.027132,0.992962,0.974382,0.970288,0.980246,0.986366,1.010399,1.045741,1.003343,0.981754,1.031938
6.489070,1.042337,1.033786,1.034727,1.025790,1.031500,1.032424,1.031018,1.030791,1.043752,1.032788,1.031992,1.023370,1.032058,1.032541,1.039135,1.043627,1.043269,1.040088,1.046180,0.985755,1.041123,1.040356,1.040244,1.046513,1.038458,1.049519,1.045657,1.036398,1.027144,0.993103,0.974415,0.970324,0.980264,0.986384,1.010412,1.045753,1.003349,0.981761,1.031953
6.497400,1.042383,1.033877,1.034789,1.025835,1.031540,1.032464,1.031056,1.030828,1.043777,1.032828,1.032032,1.023410,1.032098,1.032582,1.039170,1.043659,1.043306,1.040135,1.046204,0.985776,1.041149,1.040376,1.040264,1.046542,1.038471,1.049539,1.045685,1.036412,1.027156,0.993244,0.974448,0.970360,0.980283,0.986403,1.010425,1.045765,1.003355,0.981768,1.031968
6.505730,1.042428,1.033967,1.034851,1.025881,1.031580,1.032503,1.031094,1.030865,1.043801,1.032867,1.032071,1.023450,1.032138,1.032623,1.039204,1.043690,1.043343,1.040181,1.046229,0.985797,1.041175,1.040396,1.040284,1.046572,1.038483,1.049560,1.045713,1.036426,1.027168,0.993385,0.974480,0.970396,0.980301,0.986422,1.010438,1.045777,1.003361,0.981775,1.031983
6.514060,1.042473,1.034057,1.034913,1.025927,1.031619,1.032542,1.031132,1.030903,1.043825,1.032907,1.032111,1.023490,1.032178,1.032664,1.039239,1.043722,1.043381,1.040228,1.046253,0.985819,1.041201,1.040416,1.040304,1.046602,1.038495,1.049581,1.045741,1.036440,1.027180,0.993526,0.974513,0.970431,0.980320,0.986441,1.010452,1.045789,1.003366,0.981782,1.031997
6.522390,1.042518,1.034148,1.034975,1.025972,1.031659,1.032581,1.031170,1.030940,1.043849,1.032947,1.032151,1.023530,1.032218,1.032705,1.039273,1.043753,1.043418,1.040275,1.046278,0.985840,1.041227,1.040436,1.040325,1.046632,1.038507,1.049601,1.045770,1.036455,1.027193,0.993667,0.974546,0.970467,0.980339,0.986460,1.010465,1.045801,1.003372,0.981789,1.032011
6.530720,1.042563,1.034238,1.035037,1.026018,1.031699,1.032621,1.031207,1.030977,1.043872,1.032986,1.032190,1.023570,1.032258,1.032746,1.039308,1.043785,1.043455,1.040321,1.046302,0.985862,1.041253,1.040457,1.040345,1.046663,1.038520,1.049622,1.045798,1.036469,1.027205,0.993809,0.974579,0.970503,0.980358,0.986479,1.010479,1.045813,1.003378,0.981797,1.032025
6.539050,1.042608,1.034328,1.035099,1.026063,1.031739,1.032660,1.031245,1.031014,1.043896,1.033026,1.032230,1.023609,1.032298,1.032787,1.039343,1.043816,1.043493,1.040368,1.046327,0.985884,1.041280,1.040477,1.040365,1.046693,1.038532,1.049643,1.045826,1.036483,1.027217,0.993950,0.974612,0.970539,0.980377,0.986498,1.010492,1.045825,1.003384,0.981804,1.032038
6.547380,1.042652,1.034419,1.035161,1.026109,1.031778,1.032699,1.031283,1.031051,1.043919,1.033066,1.032269,1.023649,1.032338,1.032828,1.039378,1.043848,1.043530,1.040415,1.046352,0.985906,1.041306,1.040498,1.040386,1.046723,1.038544,1.049664,1.045855,1.036498,1.027230,0.994091,0.974645,0.970575,0.980396,0.986517,1.010506,1.045837,1.003390,0.981812,1.032051
6.555710,1.042696,1.034509,1.035223,1.026154,1.031818,1.032738,1.031320,1.031088,1.043942,1.033105,1.032309,1.023689,1.032379,1.032869,1.039413,1.043880,1.043568,1.040462,1.046377,0.985928,1.041332,1.040518,1.040406,1.046754,1.038556,1.049685,1.045883,1.036513,1.027242,0.994233,0.974678,0.970611,0.980416,0.986537,1.010520,1.045850,1.003395,0.981820,1.032064
6.564040,1.042740,1.034599,1.035285,1.026200,1.031858,1.032777,1.031358,1.031125,1.043964,1.033145,1.032348,1.023729,1.032419,1.032910,1.039448,1.043912,1.043605,1.040509,1.046402,0.985950,1.041359,1.040539,1.040427,1.046784,1.038569,1.049706,1.045912,1.036527,1.027255,0.994374,0.974710,0.970647,0.980435,0.986556,1.010534,1.045863,1.003401,0.981828,1.032076
6.572370,1.042784,1.034690,1.035347,1.026245,1.031897,1.032816,1.031396,1.031162,1.043987,1.033185,1.032388,1.023769,1.032459,1.032952,1.039483,1.043944,1.043643,1.040556,1.046428,0.985972,1.041386,1.040560,1.040448,1.046815,1.038581,1.049727,1.045940,1.036542,1.027268,0.994516,0.974743,0.970683,0.980455,0.986576,1.010549,1.045875,1.003407,0.981836,1.032088
6.580700,1.042828,1.034780,1.035409,1.026291,1.031937,1.032855,1.031433,1.031199,1.044009,1.033224,1.032427,1.023809,1.032499,1.032993,1.039518,1.043977,1.043681,1.040603,1.046453,0.985995,1.041413,1.040581,1.040469,1.046845,1.038594,1.049748,1.045969,1.036557,1.027281,0.994658,0.974776,0.970719,0.980475,0.986596,1.010563,1.045889,1.003413,0.981844,1.032100
6.589030,1.042871,1.034870,1.035471,1.026337,1.031977,1.032894,1.031471,1.031235,1.044031,1.033264,1.032467,1.023849,1.032539,1.033034,1.039553,1.044009,1.043719,1.040650,1.046479,0.986018,1.041440,1.040603,1.040491,1.046876,1.038607,1.049770,1.045998,1.036573,1.027294,0.994799,0.974809,0.970755,0.980495,0.986616,1.010578,1.045902,1.003419,0.981852,1.032112
6.597360,1.042914,1.034961,1.035533,1.026382,1.032016,1.032933,1.031508,1.031272,1.044053,1.033304,1.032506,1.023889,1.032579,1.033075,1.039589,1.044041,1.043757,1.040697,1.046505,0.986040,1.041467,1.040624,1.040512,1.046907,1.038619,1.049791,1.046027,1.036588,1.027307,0.994941,0.974842,0.970791,0.980515,0.986637,1.010592,1.045915,1.003425,0.981861,1.032123
6.605690,1.042958,1.035051,1.035596,1.026428,1.032056,1.032972,1.031546,1.031309,1.044075,1.033344,1.032546,1.023929,1.032619,1.033117,1.039624,1.044074,1.043795,1.040745,1.046531,0.986064,1.041494,1.040646,1.040534,1.046939,1.038632,1.049813,1.046057,1.036604,1.027321,0.995083,0.974875,0.970827,0.980536,0.986657,1.010607,1.045929,1.003431,0.981870,1.032134
6.614020,1.043000,1.035142,1.035658,1.026474,1.032096,1.033011,1.031583,1.031346,1.044097,1.033384,1.032585,1.023969,1.032660,1.033158,1.039660,1.044107,1.043833,1.040792,1.046558,0.986087,1.041522,1.040668,1.040556,1.046970,1.038645,1.049835,1.046086,1.036620,1.027335,0.995225,0.974908,0.970863,0.980556,0.986678,1.010623,1.045943,1.003438,0.981879,1.032145
6.622350,1.043043,1.035232,1.035720,1.026519,1.032135,1.033050,1.031621,1.031383,1.044118,1.033423,1.032625,1.024009,1.032700,1.033199,1.039696,1.044140,1.043871,1.040840,1.046584,0.986110,1.041550,1.040690,1.040578,1.047001,1.038658,1.049857,1.046115,1.036636,1.027349,0.995368,0.974941,0.970899,0.980577,0.986699,1.010638,1.045958,1.003444,0.981889,1.032155
6.630680,1.043086,1.035323,1.035783,1.026565,1.032175,1.033089,1.031658,1.031419,1.044139,1.033463,1.032665,1.024049,1.032740,1.033241,1.039731,1.044173,1.043910,1.040887,1.046611,0.986134,1.041578,1.040712,1.040600,1.047033,1.038672,1.049879,1.046145,1.036652,1.027363,0.995510,0.974974,0.970935,0.980598,0.986721,1.010653,1.045972,1.003451,0.981899,1.032165
6.639010,1.043128,1.035413,1.035845,1.026611,1.032215,1.033129,1.031696,1.031456,1.044160,1.033503,1.032704,1.024089,1.032781,1.033282,1.039767,1.044206,1.043949,1.040935,1.046638,0.986158,1.041606,1.040735,1.040623,1.047065,1.038685,1.049902,1.046175,1.036669,1.027378,0.995652,0.975007,0.970971,0.980620,0.986743,1.010669,1.045987,1.003457,0.981909,1.032175
6.647340,1.043170,1.035504,1.035908,1.026657,1.032254,1.033168,1.031733,1.031493,1.044181,1.033543,1.032744,1.024129,1.032821,1.033324,1.039803,1.044240,1.043988,1.040983,1.046665,0.986182,1.041634,1.040757,1.040645,1.047097,1.038699,1.049924,1.046205,1.036686,1.027393,0.995794,0.975040,0.971008,0.980641,0.986765,1.010685,1.046002,1.003464,0.981919,1.032184
6.655670,1.043212,1.035594,1.035970,1.026703,1.032294,1.033207,1.031771,1.031529,1.044202,1.033583,1.032784,1.024169,1.032862,1.033366,1.039840,1.044273,1.044026,1.041031,1.046693,0.986207,1.041662,1.040780,1.040668,1.047129,1.038713,1.049947,1.046235,1.036703,1.027408,0.995937,0.975073,0.971044,0.980663,0.986787,1.010701,1.046017,1.003471,0.981930,1.032194
6.664000,1.043254,1.035685,1.036033,1.026749,1.032334,1.033246,1.031808,1.031566,1.044222,1.033623,1.032823,1.024209,1.032902,1.033407,1.039876,1.044307,1.044066,1.041079,1.046720,0.986232,1.041691,1.040803,1.040691,1.047161,1.038727,1.049970,1.046266,1.036720,1.027424,0.996079,0.975106,0.971080,0.980685,0.986809,1.010718,1.046033,1.003479,0.981941,1.032203
6.672330,1.043295,1.035776,1.036096,1.026795,1.032373,1.033285,1.031846,1.031603,1.044243,1.033663,1.032863,1.024249,1.032943,1.033449,1.039912,1.044341,1.044105,1.041127,1.046748,0.986257,1.041719,1.040826,1.040715,1.047194,1.038741,1.049994,1.046296,1.036738,1.027439,0.996222,0.975139,0.971116,0.980708,0.986832,1.010734,1.046049,1.003486,0.981952,1.032211
6.680660,1.043336,1.035866,1.036159,1.026841,1.032413,1.033324,1.031883,1.031639,1.044263,1.033703,1.032903,1.024290,1.032983,1.033491,1.039949,1.044375,1.044144,1.041175,1.046776,0.986282,1.041748,1.040850,1.040738,1.047226,1.038756,1.050017,1.046327,1.036756,1.027455,0.996364,0.975173,0.971153,0.980730,0.986855,1.010751,1.046065,1.003493,0.981964,1.032220
6.688990,1.043378,1.035957,1.036221,1.026887,1.032453,1.033363,1.031921,1.031676,1.044283,1.033743,1.032943,1.024330,1.033024,1.033533,1.039986,1.044409,1.044184,1.041224,1.046804,0.986307,1.041777,1.040873,1.040762,1.047259,1.038770,1.050041,1.046358,1.036774,1.027472,0.996507,0.975206,0.971189,0.980753,0.986878,1.010768,1.046081,1.003501,0.981976,1.032228
6.697320,1.043418,1.036047,1.036284,1.026933,1.032492,1.033402,1.031958,1.031712,1.044302,1.033783,1.032982,1.024370,1.033064,1.033574,1.040022,1.044443,1.044223,1.041272,1.046833,0.986333,1.041807,1.040897,1.040786,1.047292,1.038785,1.050065,1.046389,1.036792,1.027488,0.996649,0.975239,0.971226,0.980776,0.986902,1.010785,1.046098,1.003509,0.981988,1.032235
6.705650,1.043459,1.036138,1.036347,1.026979,1.032532,1.033441,1.031995,1.031749,1.044322,1.033824,1.033022,1.024410,1.033105,1.033616,1.040059,1.044477,1.044263,1.041321,1.046862,0.986358,1.041836,1.040921,1.040810,1.047325,1.038800,1.050089,1.046420,1.036811,1.027505,0.996791,0.975272,0.971262,0.980799,0.986926,1.010802,1.046115,1.003517,0.982000,1.032243
6.713980,1.043500,1.036228,1.036410,1.027025,1.032572,1.033480,1.032033,1.031785,1.044341,1.033864,1.033062,1.024451,1.033146,1.033658,1.040096,1.044512,1.044303,1.041370,1.046890,0.986384,1.041865,1.040945,1.040834,1.047358,1.038815,1.050113,1.046451,1.036830,1.027522,0.996934,0.975305,0.971298,0.980823,0.986950,1.010820,1.046132,1.003525,0.982013,1.032250
6.722310,1.043540,1.036318,1.036473,1.027071,1.032611,1.033519,1.032070,1.031822,1.044361,1.033904,1.033102,1.024491,1.033186,1.033700,1.040133,1.044547,1.044343,1.041418,1.046919,0.986411,1.041895,1.040969,1.040858,1.047392,1.038831,1.050138,1.046483,1.036849,1.027540,0.997076,0.975338,0.971335,0.980846,0.986974,1.010837,1.046149,1.003533,0.982026,1.032257
6.730640,1.043580,1.036409,1.036536,1.027117,1.032651,1.033558,1.032107,1.031858,1.044380,1.033944,1.033141,1.024531,1.033227,1.033742,1.040170,1.044581,1.044383,1.041467,1.046949,0.986437,1.041925,1.040994,1.040883,1.047425,1.038846,1.050162,1.046515,1.036869,1.027557,0.997219,0.975371,0.971371,0.980870,0.986998,1.010855,1.046167,1.003542,0.982040,1.032264
6.738970,1.043620,1.036499,1.036599,1.027162,1.032690,1.033597,1.032144,1.031894,1.044398,1.033984,1.033181,1.024571,1.033267,1.033784,1.040207,1.044616,1.044423,1.041516,1.046978,0.986464,1.041955,1.041018,1.040908,1.047458,1.038862,1.050187,1.046547,1.036888,1.027575,0.997361,0.975405,0.971408,0.980894,0.987023,1.010873,1.046185,1.003551,0.982053,1.032270
6.747300,1.043659,1.036589,1.036661,1.027208,1.032730,1.033636,1.032181,1.031931,1.044417,1.034024,1.033221,1.024611,1.033308,1.033826,1.040245,1.044651,1.044463,1.041565,1.047007,0.986490,1.041985,1.041043,1.040932,1.047492,1.038878,1.050212,1.046578,1.036908,1.027593,0.997503,0.975438,0.971444,0.980918,0.987048,1.010891,1.046203,1.003559,0.982067,1.032276
6.755630,1.043698,1.036679,1.036724,1.027254,1.032769,1.033675,1.032218,1.031967,1.044435,1.034064,1.033260,1.024651,1.033348,1.033868,1.040282,1.044686,1.044503,1.041613,1.047037,0.986517,1.042015,1.041068,1.040957,1.047526,1.038894,1.050237,1.046611,1.036928,1.027612,0.997645,0.975470,0.971480,0.980942,0.987073,1.010909,1.046221,1.003568,0.982081,1.032282
6.763960,1.043737,1.036769,1.036787,1.027300,1.032809,1.033714,1.032255,1.032003,1.044454,1.034104,1.033300,1.024691,1.033389,1.033909,1.040319,1.044721,1.044544,1.041662,1.047067,0.986544,1.042045,1.041092,1.040982,1.047559,1.038910,1.050263,1.046643,1.036949,1.027630,0.997787,0.975503,0.971517,0.980966,0.987098,1.010927,1.046239,1.003578,0.982096,1.032288
6.772290,1.043776,1.036859,1.036850,1.027346,1.032848,1.033753,1.032292,1.032039,1.044472,1.034143,1.033339,1.024731,1.033429,1.033951,1.040356,1.044756,1.044584,1.041711,1.047096,0.986571,1.042075,1.041117,1.041008,1.047593,1.038926,1.050288,1.046675,1.036969,1.027649,0.997929,0.975536,0.971553,0.980991,0.987123,1.010946,1.046257,1.003587,0.982110,1.032293
6.780620,1.043815,1.036949,1.036912,1.027392,1.032887,1.033791,1.032329,1.032074,1.044489,1.034183,1.033379,1.024771,1.033469,1.033993,1.040394,1.044791,1.044624,1.041760,1.047126,0.986598,1.042105,1.041142,1.041033,1.047627,1.038943,1.050314,1.046707,1.036990,1.027668,0.998071,0.975569,0.971589,0.981015,0.987149,1.010964,1.046276,1.003596,0.982125,1.032298
6.788950,1.043853,1.037038,1.036975,1.027437,1.032926,1.033830,1.032365,1.032110,1.044507,1.034223,1.033418,1.024811,1.033510,1.034034,1.040431,1.044826,1.044665,1.041809,1.047156,0.986626,1.042135,1.041167,1.041058,1.047661,1.038959,1.050339,1.046740,1.037011,1.027687,0.998212,0.975602,0.971625,0.981040,0.987174,1.010982,1.046295,1.003606,0.982141,1.032303
6.797280,1.043891,1.037128,1.037037,1.027483,1.032965,1.033868,1.032402,1.032145,1.044524,1.034262,1.033457,1.024851,1.033550,1.034076,1.040468,1.044862,1.044705,1.041858,1.047186,0.986653,1.042166,1.041192,1.041083,1.047694,1.038976,1.050365,1.046772,1.037032,1.027707,0.998354,0.975634,0.971661,0.981065,0.987200,1.011001,1.046314,1.003616,0.982156,1.032307
6.805610,1.043929,1.037217,1.037100,1.027528,1.033004,1.033906,1.032438,1.032181,1.044541,1.034302,1.033496,1.024890,1.033590,1.034117,1.040505,1.044897,1.044745,1.041906,1.047216,0.986680,1.042196,1.041217,1.041109,1.047728,1.038993,1.050391,1.046805,1.037053,1.027726,0.998495,0.975666,0.971697,0.981090,0.987226,1.011019,1.046333,1.003625,0.982171,1.032312
6.813940,1.043966,1.037306,1.037162,1.027573,1.033042,1.033944,1.032474,1.032216,1.044558,1.034341,1.033535,1.024930,1.033629,1.034159,1.040542,1.044932,1.044786,1.041955,1.047246,0.986708,1.042226,1.041242,1.041134,1.047762,1.039010,1.050417,1.046837,1.037074,1.027746,0.998636,0.975699,0.971733,0.981114,0.987252,1.011038,1.046351,1.003635,0.982187,1.032316
6.822270,1.044003,1.037394,1.037224,1.027618,1.033081,1.033982,1.032510,1.032251,1.044575,1.034380,1.033574,1.024969,1.033669,1.034200,1.040579,1.044967,1.044826,1.042004,1.047276,0.986735,1.042256,1.041267,1.041159,1.047796,1.039027,1.050443,1.046870,1.037096,1.027766,0.998777,0.975731,0.971768,0.981139,0.987278,1.011056,1.046370,1.003645,0.982203,1.032319
6.830600,1.044040,1.037483,1.037286,1.027663,1.033119,1.034020,1.032546,1.032286,1.044591,1.034419,1.033612,1.025008,1.033709,1.034241,1.040616,1.045002,1.044866,1.042052,1.047306,0.986763,1.042286,1.041292,1.041184,1.047829,1.039044,1.050469,1.046902,1.037117,1.027785,0.998917,0.975763,0.971804,0.981164,0.987303,1.011075,1.046389,1.003655,0.982219,1.032323
6.838930,1.044077,1.037571,1.037347,1.027708,1.033157,1.034057,1.032581,1.032321,1.044607,1.034458,1.033651,1.025047,1.033748,1.034282,1.040653,1.045036,1.044906,1.042100,1.047336,0.986790,1.042316,1.041317,1.041209,1.047863,1.039061,1.050495,1.046934,1.037138,1.027805,0.999057,0.975794,0.971839,0.981189,0.987329,1.011093,1.046408,1.003665,0.982235,1.032326
6.847260,1.044113,1.037659,1.037409,1.027753,1.033195,1.034095,1.032617,1.032355,1.044623,1.034496,1.033689,1.025086,1.033787,1.034322,1.040690,1.045071,1.044946,1.042148,1.047366,0.986817,1.042346,1.041342,1.041234,1.047896,1.039078,1.050521,1.046967,1.037160,1.027825,0.999197,0.975826,0.971874,0.981214,0.987355,1.011111,1.046427,1.003675,0.982251,1.032328
6.855590,1.044149,1.037747,1.037470,1.027797,1.033233,1.034132,1.032652,1.032389,1.044639,1.034535,1.033727,1.025124,1.033826,1.034363,1.040726,1.045106,1.044986,1.042196,1.047396,0.986845,1.042376,1.041367,1.041259,1.047930,1.039095,1.050547,1.046999,1.037181,1.027845,0.999336,0.975857,0.971909,0.981238,0.987381,1.011129,1.046446,1.003685,0.982267,1.032331
6.863920,1.044184,1.037834,1.037531,1.027841,1.033270,1.034169,1.032687,1.032423,1.044654,1.034573,1.033765,1.025163,1.033865,1.034403,1.040762,1.045140,1.045025,1.042244,1.047426,0.986872,1.042405,1.041391,1.041284,1.047963,1.039112,1.050573,1.047031,1.037203,1.027865,0.999475,0.975888,0.971943,0.981263,0.987406,1.011147,1.046465,1.003695,0.982283,1.032333
6.872250,1.044220,1.037921,1.037592,1.027885,1.033307,1.034205,1.032722,1.032457,1.044669,1.034611,1.033802,1.025201,1.033903,1.034443,1.040798,1.045174,1.045065,1.042292,1.047455,0.986899,1.042435,1.041415,1.041309,1.047996,1.039128,1.050598,1.047063,1.037224,1.027885,0.999614,0.975919,0.971978,0.981288,0.987432,1.011165,1.046483,1.003705,0.982299,1.032335
6.880580,1.044254,1.038008,1.037653,1.027929,1.033344,1.034242,1.032756,1.032491,1.044684,1.034649,1.033840,1.025239,1.033942,1.034483,1.040834,1.045208,1.045104,1.042339,1.047484,0.986926,1.042464,1.041440,1.041333,1.048029,1.039145,1.050624,1.047095,1.037246,1.027905,0.999752,0.975950,0.972012,0.981312,0.987457,1.011183,1.046502,1.003714,0.982315,1.032336
6.888910,1.044289,1.038094,1.037713,1.027972,1.033381,1.034278,1.032790,1.032524,1.044698,1.034686,1.033876,1.025276,1.033980,1.034522,1.040870,1.045242,1.045143,1.042386,1.047514,0.986952,1.042493,1.041464,1.041357,1.048061,1.039162,1.050649,1.047127,1.037267,1.027925,0.999890,0.975980,0.972046,0.981336,0.987482,1.011200,1.046520,1.003724,0.982331,1.032338
6.897240,1.044323,1.038180,1.037773,1.028015,1.033417,1.034313,1.032824,1.032557,1.044713,1.034723,1.033913,1.025313,1.034017,1.034561,1.040905,1.045276,1.045182,1.042433,1.047543,0.986979,1.042522,1.041487,1.041381,1.048093,1.039178,1.050675,1.047158,1.037288,1.027944,1.000027,0.976010,0.972080,0.981360,0.987507,1.011218,1.046538,1.003734,0.982347,1.032339
6.905570,1.044357,1.038266,1.037832,1.028058,1.033453,1.034349,1.032858,1.032589,1.044726,1.034760,1.033950,1.025350,1.034055,1.034600,1.040940,1.045309,1.045220,1.042479,1.047571,0.987005,1.042550,1.041511,1.041405,1.048125,1.039195,1.050700,1.047189,1.037309,1.027964,1.000164,0.976040,0.972113,0.981384,0.987532,1.011235,1.046556,1.003743,0.982363,1.032339
6.913900,1.044390,1.038351,1.037891,1.028101,1.033489,1.034384,1.032891,1.032621,1.044740,1.034796,1.033986,1.025387,1.034092,1.034639,1.040975,1.045342,1.045258,1.042526,1.047600,0.987031,1.042578,1.041534,1.041429,1.048157,1.039211,1.050725,1.047221,1.037330,1.027983,1.000300,0.976070,0.972146,0.981408,0.987557,1.011252,1.046573,1.003753,0.982379,1.032340
6.922230,1.044423,1.038435,1.037950,1.028143,1.033525,1.034419,1.032924,1.032653,1.044753,1.034832,1.034021,1.025423,1.034129,1.034677,1.041010,1.045375,1.045296,1.042571,1.047628,0.987057,1.042606,1.041557,1.041452,1.048189,1.039227,1.050749,1.047251,1.037351,1.028002,1.000436,0.976099,0.972179,0.981431,0.987581,1.011268,1.046590,1.003762,0.982394,1.032340
6.930560,1.044456,1.038520,1.038008,1.028184,1.033560,1.034453,1.032956,1.032685,1.044766,1.034868,1.034057,1.025459,1.034165,1.034715,1.041044,1.045407,1.045334,1.042617,1.047656,0.987082,1.042634,1.041579,1.041475,1.048220,1.039243,1.050774,1.047282,1.037371,1.028021,1.000571,0.976128,0.972211,0.981454,0.987605,1.011284,1.046607,1.003771,0.982410,1.032340
6.938890,1.044488,1.038603,1.038066,1.028226,1.033594,1.034487,1.032988,1.032716,1.044779,1.034903,1.034092,1.025495,1.034201,1.034752,1.041077,1.045439,1.045371,1.042662,1.047683,0.987107,1.042661,1.041602,1.041497,1.048250,1.039258,1.050798,1.047312,1.037391,1.028040,1.000705,0.976156,0.972243,0.981477,0.987628,1.011300,1.046624,1.003779,0.982425,1.032339
6.947220,1.044520,1.038686,1.038124,1.028267,1.033628,1.034521,1.033020,1.032747,1.044791,1.034938,1.034126,1.025530,1.034236,1.034789,1.041111,1.045470,1.045407,1.042707,1.047710,0.987132,1.042688,1.041623,1.041519,1.048281,1.039274,1.050822,1.047342,1.037411,1.028059,1.000839,0.976184,0.972275,0.981499,0.987651,1.011316,1.046640,1.003788,0.982440,1.032339
6.955550,1.044551,1.038769,1.038181,1.028307,1.033662,1.034554,1.033051,1.032777,1.044803,1.034973,1.034160,1.025564,1.034272,1.034826,1.041144,1.045502,1.045444,1.042751,1.047737,0.987157,1.042714,1.041645,1.041541,1.048311,1.039288,1.050845,1.047371,1.037431,1.028077,1.000972,0.976212,0.972306,0.981521,0.987674,1.011331,1.046656,1.003796,0.982454,1.032338
6.963880,1.044582,1.038851,1.038237,1.028347,1.033696,1.034587,1.033082,1.032807,1.044814,1.035007,1.034194,1.025599,1.034306,1.034862,1.041176,1.045532,1.045480,1.042795,1.047763,0.987181,1.042740,1.041666,1.041562,1.048340,1.039303,1.050869,1.047400,1.037450,1.028095,1.001105,0.976239,0.972337,0.981543,0.987697,1.011346,1.046671,1.003804,0.982469,1.032336
6.972210,1.044613,1.038932,1.038293,1.028387,1.033729,1.034620,1.033113,1.032837,1.044826,1.035041,1.034227,1.025632,1.034340,1.034898,1.041208,1.045563,1.045515,1.042838,1.047789,0.987204,1.042766,1.041686,1.041583,1.048369,1.039317,1.050891,1.047429,1.037469,1.028112,1.001237,0.976266,0.972368,0.981564,0.987719,1.011360,1.046686,1.003812,0.982483,1.032334
6.980540,1.044643,1.039013,1.038349,1.028426,1.033761,1.034652,1.033143,1.032866,1.044836,1.035074,1.034260,1.025666,1.034374,1.034933,1.041240,1.045592,1.045550,1.042881,1.047814,0.987227,1.042791,1.041706,1.041603,1.048398,1.039331,1.050914,1.047457,1.037488,1.028129,1.001368,0.976293,0.972398,0.981585,0.987740,1.011374,1.046700,1.003819,0.982497,1.032332
6.988870,1.044673,1.039093,1.038404,1.028465,1.033793,1.034683,1.033173,1.032895,1.044847,1.035107,1.034292,1.025699,1.034408,1.034968,1.041271,1.045622,1.045584,1.042923,1.047839,0.987250,1.042815,1.041726,1.041623,1.048426,1.039345,1.050936,1.047484,1.037506,1.028146,1.001498,0.976319,0.972427,0.981606,0.987761,1.011387,1.046714,1.003826,0.982510,1.032330
6.997200,1.044702,1.039173,1.038458,1.028503,1.033825,1.034714,1.033202,1.032923,1.044857,1.035139,1.034324,1.025731,1.034440,1.035002,1.041301,1.045650,1.045618,1.042965,1.047864,0.987272,1.042839,1.041745,1.041643,1.048454,1.039358,1.050957,1.047512,1.037523,1.028162,1.001628,0.976344,0.972456,0.981626,0.987782,1.011400,1.046727,1.003832,0.982523,1.032328
7.005530,1.044731,1.039252,1.038512,1.028541,1.033856,1.034745,1.033230,1.032951,1.044867,1.035171,1.034356,1.025763,1.034473,1.035036,1.041331,1.045679,1.045652,1.043006,1.047888,0.987294,1.042863,1.041764,1.041661,1.048481,1.039370,1.050978,1.047538,1.037541,1.028178,1.001756,0.976369,0.972485,0.981646,0.987802,1.011413,1.046740,1.003839,0.982535,1.032325
7.013860,1.044759,1.039330,1.038565,1.028578,1.033887,1.034775,1.033259,1.032978,1.044876,1.035202,1.034386,1.025794,1.034504,1.035069,1.041361,1.045706,1.045685,1.043046,1.047911,0.987315,1.042886,1.041782,1.041679,1.048507,1.039383,1.050998,1.047564,1.037557,1.028193,1.001884,0.976394,0.972513,0.981665,0.987821,1.011425,1.046752,1.003844,0.982548,1.032321
7.022190,1.044787,1.039407,1.038618,1.028614,1.033917,1.034804,1.033286,1.033005,1.044885,1.035232,1.034417,1.025825,1.034536,1.035102,1.041390,1.045734,1.045717,1.043086,1.047934,0.987336,1.042908,1.041799,1.041697,1.048533,1.039394,1.051018,1.047590,1.037574,1.028208,1.002011,0.976418,0.972541,0.981683,0.987840,1.011436,1.046764,1.003850,0.982559,1.032318
7.030520,1.044814,1.039484,1.038669,1.028650,1.033946,1.034833,1.033313,1.033031,1.044893,1.035263,1.034446,1.025855,1.034566,1.035134,1.041418,1.045760,1.045749,1.043126,1.047956,0.987356,1.042930,1.041816,1.041714,1.048559,1.039405,1.051038,1.047615,1.037589,1.028223,1.002137,0.976441,0.972568,0.981702,0.987858,1.011447,1.046775,1.003854,0.982570,1.032314
7.038850,1.044841,1.039560,1.038721,1.028686,1.033975,1.034861,1.033340,1.033057,1.044902,1.035292,1.034475,1.025885,1.034596,1.035165,1.041446,1.045786,1.045780,1.043164,1.047977,0.987375,1.042951,1.041832,1.041731,1.048583,1.039416,1.051057,1.047640,1.037605,1.028237,1.002262,0.976464,0.972594,0.981719,0.987876,1.011457,1.046785,1.003859,0.982581,1.032310
7.047180,1.044867,1.039635,1.038771,1.028720,1.034003,1.034889,1.033366,1.033082,1.044909,1.035321,1.034504,1.025914,1.034626,1.035196,1.041473,1.045811,1.045810,1.043202,1.047998,0.987394,1.042972,1.041848,1.041746,1.048607,1.039426,1.051075,1.047663,1.037619,1.028250,1.002386,0.976487,0.972621,0.981736,0.987893,1.011467,1.046795,1.003862,0.982591,1.032306
7.055510,1.044893,1.039710,1.038821,1.028755,1.034031,1.034916,1.033391,1.033107,1.044917,1.035349,1.034532,1.025943,1.034655,1.035227,1.041499,1.045836,1.045840,1.043240,1.048019,0.987412,1.042991,1.041863,1.041761,1.048631,1.039436,1.051092,1.047687,1.037633,1.028262,1.002510,0.976509,0.972646,0.981752,0.987909,1.011476,1.046803,1.003866,0.982601,1.032301
7.063840,1.044918,1.039784,1.038870,1.028788,1.034058,1.034943,1.033416,1.033131,1.044924,1.035377,1.034559,1.025970,1.034683,1.035256,1.041525,1.045860,1.045869,1.043277,1.048038,0.987430,1.043011,1.041877,1.041776,1.048654,1.039444,1.051109,1.047709,1.037646,1.028274,1.002632,0.976530,0.972671,0.981768,0.987925,1.011484,1.046812,1.003868,0.982609,1.032296
7.072170,1.044943,1.039857,1.038919,1.028821,1.034085,1.034969,1.033441,1.033154,1.044930,1.035404,1.034586,1.025998,1.034711,1.035285,1.041550,1.045883,1.045897,1.043313,1.048057,0.987446,1.043029,1.041890,1.041789,1.048676,1.039453,1.051125,1.047731,1.037659,1.028286,1.002753,0.976551,0.972695,0.981783,0.987940,1.011492,1.046819,1.003870,0.982618,1.032291
7.080500,1.044968,1.039929,1.038966,1.028853,1.034111,1.034994,1.033464,1.033177,1.044936,1.035431,1.034612,1.026024,1.034738,1.035314,1.041574,1.045906,1.045925,1.043348,1.048075,0.987463,1.043047,1.041903,1.041802,1.048697,1.039460,1.051141,1.047752,1.037671,1.028297,1.002873,0.976571,0.972719,0.981798,0.987954,1.011499,1.046826,1.003872,0.982626,1.032285
7.088830,1.044991,1.040000,1.039013,1.028885,1.034136,1.035019,1.033487,1.033199,1.044942,1.035456,1.034638,1.026050,1.034764,1.035341,1.041598,1.045928,1.045952,1.043382,1.048093,0.987478,1.043064,1.041915,1.041815,1.048718,1.039467,1.051156,1.047773,1.037683,1.028307,1.002992,0.976591,0.972742,0.981812,0.987968,1.011506,1.046832,1.003873,0.982633,1.032279
7.097160,1.045015,1.040070,1.039059,1.028916,1.034161,1.035043,1.033510,1.033221,1.044947,1.035482,1.034663,1.026076,1.034790,1.035368,1.041621,1.045949,1.045978,1.043416,1.048109,0.987493,1.043080,1.041927,1.041826,1.048738,1.039474,1.051170,1.047792,1.037693,1.028316,1.003111,0.976610,0.972765,0.981825,0.987980,1.011511,1.046837,1.003873,0.982639,1.032273
7.105490,1.045037,1.040140,1.039105,1.028946,1.034185,1.035067,1.033532,1.033242,1.044952,1.035506,1.034687,1.026100,1.034815,1.035395,1.041643,1.045969,1.046003,1.043449,1.048126,0.987507,1.043096,1.041938,1.041837,1.048757,1.039479,1.051184,1.047811,1.037703,1.028325,1.003228,0.976629,0.972786,0.981838,0.987992,1.011517,1.046841,1.003873,0.982645,1.032266
7.113820,1.045060,1.040208,1.039149,1.028976,1.034208,1.035090,1.033553,1.033263,1.044956,1.035530,1.034710,1.026124,1.034839,1.035420,1.041665,1.045989,1.046028,1.043482,1.048141,0.987520,1.043111,1.041947,1.041847,1.048776,1.039484,1.051197,1.047830,1.037713,1.028333,1.003343,0.976646,0.972808,0.981850,0.988004,1.011521,1.046845,1.003872,0.982650,1.032260
7.122150,1.045081,1.040276,1.039193,1.029005,1.034231,1.035112,1.033574,1.033282,1.044960,1.035553,1.034733,1.026148,1.034863,1.035445,1.041686,1.046008,1.046052,1.043513,1.048155,0.987533,1.043125,1.041957,1.041856,1.048793,1.039488,1.051209,1.047847,1.037721,1.028340,1.003458,0.976664,0.972828,0.981861,0.988014,1.011525,1.046848,1.003870,0.982655,1.032252
7.130480,1.045103,1.040343,1.039236,1.029033,1.034253,1.035133,1.033594,1.033302,1.044964,1.035576,1.034755,1.026170,1.034886,1.035469,1.041706,1.046026,1.046075,1.043544,1.048169,0.987544,1.043138,1.041965,1.041865,1.048810,1.039492,1.051220,1.047864,1.037729,1.028347,1.003572,0.976680,0.972848,0.981871,0.988024,1.011527,1.046850,1.003867,0.982658,1.032245
7.138810,1.045123,1.040409,1.039278,1.029060,1.034275,1.035154,1.033613,1.033320,1.044967,1.035597,1.034777,1.026192,1.034908,1.035493,1.041725,1.046043,1.046097,1.043574,1.048182,0.987555,1.043151,1.041973,1.041872,1.048826,1.039494,1.051230,1.047880,1.037736,1.028353,1.003684,0.976696,0.972868,0.981881,0.988032,1.011530,1.046851,1.003864,0.982661,1.032237
7.147140,1.045144,1.040474,1.039319,1.029087,1.034296,1.035175,1.033632,1.033338,1.044969,1.035619,1.034798,1.026213,1.034930,1.035516,1.041744,1.046060,1.046119,1.043603,1.048194,0.987566,1.043163,1.041980,1.041879,1.048842,1.039496,1.051240,1.047895,1.037743,1.028358,1.003796,0.976712,0.972886,0.981890,0.988041,1.011531,1.046851,1.003861,0.982664,1.032230
7.155470,1.045163,1.040538,1.039360,1.029113,1.034316,1.035194,1.033650,1.033356,1.044971,1.035639,1.034818,1.026234,1.034950,1.035538,1.041761,1.046076,1.046140,1.043631,1.048205,0.987575,1.043174,1.041986,1.041885,1.048856,1.039498,1.051249,1.047909,1.037748,1.028362,1.003906,0.976727,0.972904,0.981899,0.988048,1.011532,1.046851,1.003856,0.982665,1.032221
7.163800,1.045182,1.040601,1.039400,1.029138,1.034335,1.035213,1.033667,1.033372,1.044973,1.035659,1.034837,1.026254,1.034971,1.035559,1.041778,1.046091,1.046160,1.043658,1.048216,0.987584,1.043184,1.041991,1.041891,1.048870,1.039498,1.051257,1.047923,1.037753,1.028365,1.004015,0.976741,0.972922,0.981906,0.988054,1.011532,1.046849,1.003851,0.982666,1.032213
7.172130,1.045201,1.040664,1.039438,1.029162,1.034354,1.035231,1.033684,1.033388,1.044975,1.035678,1.034856,1.026273,1.034990,1.035580,1.041795,1.046105,1.046179,1.043685,1.048226,0.987592,1.043193,1.041995,1.041895,1.048883,1.039498,1.051264,1.047936,1.037757,1.028368,1.004123,0.976754,0.972938,0.981913,0.988060,1.011531,1.046847,1.003845,0.982666,1.032204
7.180460,1.045219,1.040725,1.039476,1.029186,1.034372,1.035249,1.033700,1.033404,1.044976,1.035696,1.034874,1.026291,1.035009,1.035599,1.041810,1.046118,1.046197,1.043711,1.048235,0.987599,1.043202,1.041999,1.041899,1.048895,1.039497,1.051271,1.047948,1.037760,1.028370,1.004230,0.976767,0.972954,0.981920,0.988065,1.011529,1.046844,1.003838,0.982666,1.032195
7.188790,1.045237,1.040785,1.039514,1.029209,1.034389,1.035265,1.033716,1.033418,1.044976,1.035713,1.034891,1.026309,1.035027,1.035618,1.041825,1.046131,1.046215,1.043736,1.048243,0.987605,1.043210,1.042002,1.041902,1.048907,1.039495,1.051277,1.047959,1.037762,1.028371,1.004335,0.976779,0.972970,0.981925,0.988069,1.011527,1.046840,1.003831,0.982664,1.032186
7.197120,1.045254,1.040845,1.039550,1.029232,1.034406,1.035281,1.033730,1.033433,1.044976,1.035730,1.034908,1.026326,1.035044,1.035637,1.041838,1.046142,1.046231,1.043760,1.048250,0.987611,1.043217,1.042004,1.041904,1.048917,1.039492,1.051282,1.047969,1.037764,1.028372,1.004440,0.976791,0.972984,0.981930,0.988072,1.011524,1.046836,1.003823,0.982662,1.032176
7.205450,1.045270,1.040903,1.039585,1.029253,1.034422,1.035297,1.033744,1.033446,1.044976,1.035746,1.034924,1.026342,1.035060,1.035654,1.041851,1.046153,1.046247,1.043783,1.048257,0.987615,1.043223,1.042005,1.041905,1.048927,1.039489,1.051286,1.047979,1.037765,1.028371,1.004543,0.976802,0.972998,0.981934,0.988074,1.011520,1.046830,1.003814,0.982659,1.032167
7.213780,1.045286,1.040961,1.039620,1.029274,1.034437,1.035312,1.033758,1.033459,1.044975,1.035762,1.034939,1.026358,1.035076,1.035671,1.041864,1.046163,1.046262,1.043806,1.048262,0.987619,1.043228,1.042006,1.041905,1.048936,1.039485,1.051289,1.047987,1.037765,1.028370,1.004645,0.976812,0.973012,0.981937,0.988075,1.011515,1.046824,1.003804,0.982656,1.032157
7.222110,1.045302,1.041018,1.039654,1.029294,1.034452,1.035326,1.033771,1.033471,1.044974,1.035776,1.034954,1.026372,1.035091,1.035687,1.041875,1.046173,1.046276,1.043828,1.048267,0.987622,1.043233,1.042005,1.041905,1.048944,1.039479,1.051291,1.047995,1.037764,1.028368,1.004746,0.976822,0.973025,0.981940,0.988076,1.011510,1.046816,1.003794,0.982651,1.032146
7.230440,1.045317,1.041074,1.039687,1.029313,1.034466,1.035339,1.033783,1.033483,1.044972,1.035790,1.034967,1.026386,1.035106,1.035703,1.041886,1.046181,1.046290,1.043848,1.048271,0.987625,1.043236,1.042004,1.041903,1.048951,1.039474,1.051293,1.048002,1.037762,1.028365,1.004845,0.976831,0.973037,0.981942,0.988076,1.011504,1.046808,1.003782,0.982646,1.032136
7.238770,1.045332,1.041128,1.039719,1.029332,1.034479,1.035352,1.033794,1.033493,1.044971,1.035804,1.034980,1.026400,1.035119,1.035717,1.041896,1.046189,1.046302,1.043868,1.048274,0.987626,1.043239,1.042002,1.041901,1.048958,1.039467,1.051294,1.048009,1.037760,1.028362,1.004944,0.976840,0.973048,0.981943,0.988075,1.011497,1.046799,1.003770,0.982640,1.032125
7.247100,1.045346,1.041182,1.039750,1.029350,1.034492,1.035364,1.033805,1.033504,1.044968,1.035816,1.034993,1.026413,1.035132,1.035731,1.041905,1.046196,1.046314,1.043888,1.048277,0.987627,1.043242,1.041999,1.041898,1.048964,1.039460,1.051294,1.048014,1.037757,1.028357,1.005041,0.976847,0.973059,0.981943,0.988073,1.011489,1.046790,1.003758,0.982634,1.032114
7.255430,1.045359,1.041236,1.039780,1.029367,1.034503,1.035375,1.033815,1.033513,1.044965,1.035828,1.035005,1.026425,1.035145,1.035744,1.041913,1.046202,1.046325,1.043906,1.048278,0.987627,1.043243,1.041996,1.041895,1.048968,1.039451,1.051293,1.048019,1.037753,1.028352,1.005137,0.976855,0.973069,0.981943,0.988070,1.011481,1.046779,1.003744,0.982627,1.032103
7.263760,1.045372,1.041288,1.039810,1.029383,1.034515,1.035386,1.033825,1.033522,1.044962,1.035839,1.035016,1.026436,1.035156,1.035757,1.041921,1.046207,1.046335,1.043924,1.048279,0.987626,1.043243,1.041991,1.041890,1.048973,1.039443,1.051292,1.048022,1.037748,1.028346,1.005232,0.976861,0.973078,0.981942,0.988067,1.011472,1.046768,1.003730,0.982618,1.032092
7.272090,1.045385,1.041339,1.039839,1.029399,1.034525,1.035396,1.033834,1.033531,1.044959,1.035850,1.035026,1.026447,1.035167,1.035768,1.041927,1.046212,1.046345,1.043940,1.048279,0.987625,1.043243,1.041986,1.041885,1.048976,1.039433,1.051289,1.048026,1.037742,1.028339,1.005326,0.976867,0.973087,0.981940,0.988063,1.011462,1.046756,1.003715,0.982610,1.032080
7.280420,1.045397,1.041389,1.039867,1.029414,1.034535,1.035405,1.033842,1.033539,1.044955,1.035860,1.035036,1.026457,1.035177,1.035779,1.041933,1.046215,1.046353,1.043956,1.048279,0.987622,1.043242,1.041980,1.041879,1.048979,1.039422,1.051286,1.048028,1.037736,1.028332,1.005419,0.976873,0.973095,0.981937,0.988058,1.011451,1.046743,1.003700,0.982600,1.032068
7.288750,1.045409,1.041439,1.039894,1.029428,1.034545,1.035414,1.033850,1.033546,1.044951,1.035869,1.035045,1.026466,1.035187,1.035790,1.041939,1.046218,1.046361,1.043971,1.048277,0.987619,1.043240,1.041974,1.041872,1.048980,1.039411,1.051282,1.048029,1.037729,1.028324,1.005510,0.976878,0.973103,0.981934,0.988052,1.011440,1.046729,1.003683,0.982590,1.032056
7.297080,1.045420,1.041488,1.039920,1.029442,1.034553,1.035422,1.033857,1.033553,1.044946,1.035877,1.035053,1.026474,1.035196,1.035799,1.041943,1.046221,1.046368,1.043986,1.048275,0.987616,1.043238,1.041966,1.041865,1.048981,1.039399,1.051278,1.048030,1.037721,1.028315,1.005601,0.976882,0.973110,0.981931,0.988046,1.011428,1.046715,1.003666,0.982579,1.032044
7.305410,1.045431,1.041535,1.039946,1.029454,1.034561,1.035430,1.033864,1.033559,1.044942,1.035885,1.035061,1.026482,1.035204,1.035808,1.041947,1.046222,1.046374,1.044000,1.048272,0.987611,1.043235,1.041958,1.041856,1.048982,1.039386,1.051272,1.048030,1.037713,1.028305,1.005690,0.976886,0.973116,0.981926,0.988039,1.011415,1.046699,1.003648,0.982568,1.032032
7.313740,1.045442,1.041582,1.039971,1.029467,1.034569,1.035437,1.033870,1.033564,1.044936,1.035892,1.035068,1.026490,1.035211,1.035817,1.041950,1.046223,1.046380,1.044013,1.048268,0.987606,1.043231,1.041949,1.041847,1.048981,1.039373,1.051266,1.048029,1.037703,1.028295,1.005778,0.976889,0.973122,0.981921,0.988031,1.011402,1.046683,1.003630,0.982555,1.032020
7.322070,1.045452,1.041629,1.039995,1.029478,1.034576,1.035443,1.033875,1.033569,1.044931,1.035899,1.035075,1.026497,1.035218,1.035824,1.041953,1.046223,1.046385,1.044025,1.048264,0.987600,1.043226,1.041940,1.041838,1.048980,1.039359,1.051259,1.048028,1.037693,1.028284,1.005866,0.976891,0.973127,0.981915,0.988022,1.011388,1.046667,1.003611,0.982542,1.032007
7.330400,1.045461,1.041674,1.040018,1.029489,1.034582,1.035449,1.033880,1.033573,1.044925,1.035905,1.035081,1.026503,1.035224,1.035831,1.041954,1.046222,1.046389,1.044036,1.048259,0.987593,1.043221,1.041929,1.041827,1.048978,1.039344,1.051252,1.048026,1.037683,1.028272,1.005952,0.976893,0.973132,0.981909,0.988013,1.011373,1.046650,1.003591,0.982529,1.031994
7.338730,1.045471,1.041719,1.040041,1.029499,1.034587,1.035454,1.033884,1.033577,1.044919,1.035910,1.035086,1.026508,1.035230,1.035838,1.041955,1.046221,1.046392,1.044047,1.048253,0.987586,1.043215,1.041919,1.041816,1.048976,1.039328,1.051243,1.048023,1.037671,1.028260,1.006037,0.976895,0.973136,0.981902,0.988003,1.011358,1.046632,1.003570,0.982515,1.031981
7.347060,1.045480,1.041762,1.040063,1.029509,1.034593,1.035459,1.033888,1.033580,1.044912,1.035915,1.035091,1.026513,1.035235,1.035843,1.041956,1.046219,1.046395,1.044057,1.048246,0.987578,1.043208,1.041907,1.041804,1.048972,1.039312,1.051234,1.048019,1.037659,1.028247,1.006121,0.976896,0.973139,0.981894,0.987992,1.011342,1.046613,1.003549,0.982500,1.031968
7.355390,1.045488,1.041806,1.040084,1.029518,1.034597,1.035463,1.033891,1.033583,1.044906,1.035920,1.035095,1.026517,1.035240,1.035848,1.041956,1.046216,1.046397,1.044066,1.048239,0.987570,1.043201,1.041895,1.041792,1.048968,1.039295,1.051225,1.048015,1.037647,1.028233,1.006205,0.976897,0.973142,0.981886,0.987981,1.011325,1.046594,1.003528,0.982484,1.031955
7.363720,1.045496,1.041848,1.040105,1.029527,1.034601,1.035466,1.033894,1.033586,1.044899,1.035923,1.035098,1.026521,1.035244,1.035853,1.041955,1.046213,1.046399,1.044075,1.048231,0.987560,1.043192,1.041882,1.041779,1.048964,1.039278,1.051215,1.048010,1.037633,1.028219,1.006287,0.976897,0.973145,0.981877,0.987969,1.011308,1.046574,1.003505,0.982469,1.031942
7.372050,1.045504,1.041890,1.040125,1.029534,1.034605,1.035469,1.033896,1.033587,1.044891,1.035926,1.035101,1.026524,1.035247,1.035857,1.041953,1.046209,1.046399,1.044083,1.048223,0.987551,1.043184,1.041868,1.041765,1.048959,1.039260,1.051204,1.048005,1.037619,1.028204,1.006368,0.976896,0.973146,0.981868,0.987956,1.011290,1.046553,1.003482,0.982452,1.031928
7.380380,1.045512,1.041930,1.040144,1.029542,1.034608,1.035472,1.033898,1.033589,1.044884,1.035929,1.035104,1.026527,1.035250,1.035860,1.041951,1.046204,1.046399,1.044091,1.048214,0.987540,1.043174,1.041854,1.041751,1.048953,1.039241,1.051192,1.047999,1.037605,1.028188,1.006449,0.976895,0.973148,0.981858,0.987943,1.011271,1.046532,1.003459,0.982435,1.031915
7.388710,1.045519,1.041971,1.040163,1.029548,1.034610,1.035474,1.033899,1.033590,1.044876,1.035931,1.035106,1.026529,1.035252,1.035863,1.041948,1.046199,1.046399,1.044097,1.048204,0.987529,1.043165,1.041839,1.041736,1.048946,1.039222,1.051180,1.047992,1.037590,1.028172,1.006528,0.976894,0.973149,0.981848,0.987929,1.011252,1.046511,1.003434,0.982417,1.031901
7.397040,1.045526,1.042010,1.040181,1.029555,1.034612,1.035475,1.033900,1.033590,1.044868,1.035932,1.035108,1.026531,1.035254,1.035865,1.041945,1.046193,1.046398,1.044104,1.048194,0.987518,1.043154,1.041824,1.041721,1.048939,1.039202,1.051167,1.047984,1.037574,1.028155,1.006607,0.976892,0.973149,0.981837,0.987915,1.011233,1.046488,1.003410,0.982399,1.031888
7.405370,1.045532,1.042049,1.040198,1.029560,1.034613,1.035476,1.033900,1.033590,1.044860,1.035933,1.035109,1.026532,1.035255,1.035867,1.041941,1.046187,1.046396,1.044109,1.048183,0.987506,1.043143,1.041808,1.041705,1.048932,1.039181,1.051154,1.047977,1.037558,1.028138,1.006685,0.976890,0.973149,0.981825,0.987900,1.011213,1.046466,1.003384,0.982380,1.031874
7.413700,1.045538,1.042088,1.040215,1.029566,1.034615,1.035477,1.033900,1.033589,1.044851,1.035934,1.035109,1.026533,1.035256,1.035868,1.041937,1.046180,1.046394,1.044114,1.048172,0.987493,1.043132,1.041792,1.041688,1.048924,1.039160,1.051140,1.047968,1.037541,1.028120,1.006762,0.976887,0.973149,0.981813,0.987884,1.011192,1.046443,1.003359,0.982361,1.031860
7.422030,1.045544,1.042125,1.040232,1.029570,1.034615,1.035477,1.033899,1.033589,1.044843,1.035934,1.035109,1.026533,1.035256,1.035869,1.041932,1.046173,1.046391,1.044119,1.048160,0.987480,1.043119,1.041775,1.041671,1.048915,1.039139,1.051126,1.047959,1.037524,1.028102,1.006838,0.976884,0.973148,0.981801,0.987869,1.011171,1.046419,1.003332,0.982342,1.031847
7.430360,1.045550,1.042162,1.040247,1.029574,1.034615,1.035476,1.033898,1.033587,1.044834,1.035934,1.035109,1.026533,1.035256,1.035869,1.041926,1.046165,1.046388,1.044123,1.048148,0.987466,1.043107,1.041758,1.041653,1.048906,1.039116,1.051111,1.047950,1.037506,1.028083,1.006914,0.976881,0.973147,0.981788,0.987852,1.011149,1.046395,1.003305,0.982322,1.031833
7.438690,1.045556,1.042199,1.040263,1.029578,1.034615,1.035476,1.033897,1.033586,1.044825,1.035933,1.035108,1.026532,1.035255,1.035869,1.041921,1.046156,1.046384,1.044127,1.048135,0.987452,1.043094,1.041740,1.041635,1.048896,1.039094,1.051096,1.047940,1.037488,1.028064,1.006988,0.976877,0.973145,0.981775,0.987835,1.011127,1.046370,1.003278,0.982301,1.031819
7.447020,1.045561,1.042235,1.040278,1.029581,1.034614,1.035475,1.033895,1.033584,1.044816,1.035932,1.035107,1.026531,1.035254,1.035868,1.041914,1.046148,1.046380,1.044130,1.048122,0.987438,1.043080,1.041722,1.041617,1.048886,1.039071,1.051080,1.047929,1.037469,1.028045,1.007062,0.976873,0.973143,0.981761,0.987818,1.011105,1.046345,1.003250,0.982280,1.031805
7.455350,1.045566,1.042270,1.040292,1.029584,1.034613,1.035473,1.033893,1.033581,1.044806,1.035930,1.035105,1.026529,1.035253,1.035867,1.041907,1.046138,1.046375,1.044132,1.048108,0.987423,1.043066,1.041703,1.041598,1.048875,1.039047,1.051064,1.047918,1.037450,1.028025,1.007136,0.976869,0.973140,0.981747,0.987800,1.011082,1.046320,1.003222,0.982259,1.031791
7.463680,1.045571,1.042305,1.040306,1.029587,1.034612,1.035471,1.033891,1.033579,1.044797,1.035928,1.035103,1.026527,1.035251,1.035866,1.041900,1.046128,1.046370,1.044134,1.048094,0.987407,1.043052,1.041684,1.041579,1.048864,1.039023,1.051047,1.047907,1.037430,1.028004,1.007208,0.976864,0.973137,0.981733,0.987782,1.011059,1.046294,1.003193,0.982238,1.031777
7.472010,1.045575,1.042340,1.040319,1.029589,1.034610,1.035469,1.033888,1.033576,1.044787,1.035926,1.035101,1.026525,1.035249,1.035864,1.041892,1.046118,1.046365,1.044136,1.048079,0.987392,1.043037,1.041664,1.041559,1.048853,1.038999,1.051030,1.047895,1.037410,1.027983,1.007280,0.976859,0.973134,0.981718,0.987764,1.011035,1.046268,1.003164,0.982216,1.031763
7.480340,1.045580,1.042374,1.040332,1.029590,1.034608,1.035466,1.033885,1.033572,1.044777,1.035923,1.035098,1.026522,1.035246,1.035861,1.041884,1.046107,1.046359,1.044137,1.048064,0.987375,1.043022,1.041644,1.041539,1.048841,1.038974,1.051012,1.047883,1.037390,1.027962,1.007351,0.976853,0.973131,0.981703,0.987745,1.011011,1.046242,1.003135,0.982193,1.031749
7.488670,1.045584,1.042407,1.040345,1.029592,1.034606,1.035464,1.033882,1.033569,1.044768,1.035920,1.035095,1.026519,1.035243,1.035859,1.041876,1.046096,1.046352,1.044138,1.048049,0.987359,1.043006,1.041624,1.041518,1.048829,1.038949,1.050995,1.047870,1.037369,1.027941,1.007422,0.976848,0.973127,0.981687,0.987725,1.010986,1.046215,1.003105,0.982171,1.031735
7.497000,1.045588,1.042440,1.040357,1.029593,1.034603,1.035460,1.033878,1.033565,1.044758,1.035917,1.035092,1.026516,1.035240,1.035856,1.041867,1.046085,1.046346,1.044138,1.048033,0.987342,1.042990,1.041603,1.041498,1.048816,1.038924,1.050976,1.047858,1.037348,1.027919,1.007492,0.976842,0.973123,0.981671,0.987706,1.010962,1.046188,1.003075,0.982148,1.031721
7.505330,1.045592,1.042473,1.040369,1.029593,1.034600,1.035457,1.033874,1.033561,1.044748,1.035913,1.035089,1.026513,1.035236,1.035853,1.041858,1.046073,1.046338,1.044139,1.048017,0.987325,1.042974,1.041582,1.041476,1.048803,1.038898,1.050958,1.047844,1.037327,1.027897,1.007562,0.976835,0.973119,0.981655,0.987686,1.010936,1.046160,1.003045,0.982125,1.031707
7.513660,1.045596,1.042505,1.040380,1.029593,1.034597,1.035453,1.033870,1.033556,1.044737,1.035909,1.035085,1.026509,1.035232,1.035849,1.041848,1.046061,1.046331,1.044138,1.048001,0.987307,1.042957,1.041561,1.041455,1.048790,1.038872,1.050939,1.047831,1.037305,1.027874,1.007631,0.976829,0.973114,0.981639,0.987666,1.010911,1.046133,1.003014,0.982101,1.031693
7.521990,1.045599,1.042537,1.040391,1.029593,1.034593,1.035449,1.033866,1.033552,1.044727,1.035905,1.035080,1.026504,1.035228,1.035845,1.041838,1.046049,1.046323,1.044138,1.047984,0.987290,1.042940,1.041539,1.041433,1.048776,1.038845,1.050920,1.047817,1.037283,1.027852,1.007699,0.976822,0.973109,0.981622,0.987645,1.010885,1.046105,1.002983,0.982077,1.031679
7.530320,1.045603,1.042569,1.040402,1.029593,1.034589,1.035445,1.033861,1.033547,1.044717,1.035900,1.035076,1.026500,1.035224,1.035841,1.041828,1.046036,1.046315,1.044137,1.047967,0.987272,1.042923,1.041517,1.041411,1.048762,1.038819,1.050900,1.047803,1.037261,1.027829,1.007767,0.976815,0.973104,0.981605,0.987624,1.010859,1.046077,1.002951,0.982053,1.031665
7.538650,1.045606,1.042600,1.040413,1.029593,1.034585,1.035440,1.033856,1.033542,1.044707,1.035895,1.035071,1.026495,1.035219,1.035836,1.041818,1.046023,1.046307,1.044136,1.047950,0.987253,1.042905,1.041495,1.041389,1.048748,1.038792,1.050880,1.047788,1.037239,1.027805,1.007835,0.976808,0.973098,0.981588,0.987603,1.010833,1.046049,1.002919,0.982029,1.031652
7.546980,1.045610,1.042631,1.040423,1.029592,1.034581,1.035436,1.033851,1.033537,1.044696,1.035890,1.035066,1.026490,1.035214,1.035832,1.041807,1.046010,1.046298,1.044134,1.047932,0.987235,1.042887,1.041472,1.041366,1.048733,1.038764,1.050860,1.047773,1.037216,1.027782,1.007902,0.976801,0.973093,0.981571,0.987582,1.010806,1.046020,1.002887,0.982005,1.031638
7.555310,1.045613,1.042661,1.040433,1.029591,1.034577,1.035431,1.033846,1.033531,1.044686,1.035885,1.035061,1.026485,1.035209,1.035827,1.041796,1.045996,1.046289,1.044132,1.047914,0.987216,1.042869,1.041449,1.041344,1.048718,1.038737,1.050840,1.047758,1.037193,1.027758,1.007968,0.976793,0.973087,0.981553,0.987561,1.010780,1.045992,1.002855,0.981980,1.031624
7.563640,1.045616,1.042691,1.040442,1.029589,1.034572,1.035426,1.033840,1.033525,1.044675,1.035880,1.035056,1.026480,1.035203,1.035821,1.041785,1.045983,1.046280,1.044130,1.047896,0.987197,1.042851,1.041426,1.041321,1.048703,1.038709,1.050819,1.047743,1.037170,1.027734,1.008034,0.976786,0.973081,0.981535,0.987539,1.010753,1.045963,1.002823,0.981956,1.031611
7.571970,1.045619,1.042721,1.040452,1.029588,1.034567,1.035420,1.033835,1.033520,1.044665,1.035874,1.035050,1.026474,1.035198,1.035816,1.041774,1.045969,1.046271,1.044128,1.047878,0.987178,1.042832,1.041403,1.041297,1.048688,1.038681,1.050799,1.047728,1.037147,1.027710,1.008100,0.976778,0.973075,0.981517,0.987517,1.010726,1.045934,1.002790,0.981931,1.031597
7.580300,1.045622,1.042751,1.040461,1.029586,1.034562,1.035415,1.033829,1.033514,1.044654,1.035868,1.035045,1.026468,1.035192,1.035810,1.041762,1.045954,1.046261,1.044126,1.047860,0.987158,1.042814,1.041380,1.041274,1.048672,1.038653,1.050778,1.047712,1.037123,1.027686,1.008165,0.976770,0.973068,0.981499,0.987495,1.010698,1.045905,1.002757,0.981906,1.031584
7.588630,1.045625,1.042780,1.040469,1.029584,1.034557,1.035409,1.033823,1.033508,1.044644,1.035862,1.035039,1.026463,1.035186,1.035804,1.041750,1.045940,1.046251,1.044123,1.047841,0.987138,1.042795,1.041356,1.041250,1.048657,1.038624,1.050757,1.047696,1.037099,1.027662,1.008230,0.976762,0.973062,0.981481,0.987473,1.010671,1.045876,1.002724,0.981880,1.031571
7.596960,1.045628,1.042809,1.040478,1.029582,1.034551,1.035403,1.033817,1.033501,1.044633,1.035856,1.035033,1.026456,1.035180,1.035798,1.041738,1.045925,1.046241,1.044120,1.047822,0.987119,1.042775,1.041333,1.041227,1.048641,1.038596,1.050735,1.047680,1.037075,1.027637,1.008295,0.976753,0.973055,0.981462,0.987451,1.010643,1.045846,1.002691,0.981855,1.031557
7.605290,1.045630,1.042838,1.040487,1.029579,1.034546,1.035397,1.033810,1.033495,1.044623,1.035849,1.035026,1.026450,1.035174,1.035792,1.041726,1.045911,1.046231,1.044117,1.047803,0.987099,1.042756,1.041309,1.041203,1.048625,1.038567,1.050714,1.047664,1.037052,1.027612,1.008359,0.976745,0.973048,0.981444,0.987428,1.010615,1.045817,1.002658,0.981830,1.031544
7.613620,1.045633,1.042867,1.040495,1.029577,1.034540,1.035391,1.033804,1.033488,1.044612,1.035843,1.035020,1.026444,1.035167,1.035786,1.041713,1.045896,1.046221,1.044114,1.047784,0.987079,1.042737,1.041285,1.041179,1.048609,1.038538,1.050692,1.047647,1.037027,1.027588,1.008422,0.976736,0.973041,0.981425,0.987406,1.010587,1.045788,1.002624,0.981804,1.031531
7.621950,1.045636,1.042895,1.040503,1.029574,1.034535,1.035385,1.033798,1.033482,1.044602,1.035836,1.035014,1.026437,1.035161,1.035779,1.041701,1.045880,1.046210,1.044110,1.047765,0.987059,1.042717,1.041261,1.041155,1.048592,1.038509,1.050671,1.047631,1.037003,1.027563,1.008486,0.976728,0.973034,0.981406,0.987383,1.010559,1.045758,1.002590,0.981779,1.031518
7.630280,1.045638,1.042923,1.040511,1.029571,1.034529,1.035379,1.033791,1.033475,1.044591,1.035830,1.035007,1.026430,1.035154,1.035773,1.041688,1.045865,1.046199,1.044107,1.047746,0.987038,1.042697,1.041236,1.041131,1.048576,1.038480,1.050649,1.047614,1.036979,1.027538,1.008549,0.976719,0.973027,0.981387,0.987360,1.010530,1.045729,1.002556,0.981753,1.031505
7.638610,1.045641,1.042951,1.040518,1.029568,1.034523,1.035372,1.033784,1.033468,1.044581,1.035823,1.035000,1.026424,1.035147,1.035766,1.041675,1.045850,1.046189,1.044103,1.047726,0.987018,1.042678,1.041212,1.041106,1.048559,1.038451,1.050627,1.047597,1.036954,1.027513,1.008612,0.976710,0.973020,0.981368,0.987337,1.010502,1.045699,1.002522,0.981727,1.031493
7.646940,1.045644,1.042979,1.040526,1.029565,1.034517,1.035366,1.033778,1.033462,1.044571,1.035816,1.034993,1.026417,1.035140,1.035759,1.041662,1.045834,1.046178,1.044099,1.047706,0.986997,1.042658,1.041188,1.041082,1.048542,1.038421,1.050605,1.047580,1.036930,1.027488,1.008674,0.976701,0.973013,0.981349,0.987314,1.010474,1.045670,1.002488,0.981702,1.031480
7.655270,1.045646,1.043006,1.040533,1.029562,1.034510,1.035359,1.033771,1.033455,1.044560,1.035809,1.034986,1.026410,1.035133,1.035752,1.041649,1.045819,1.046167,1.044095,1.047687,0.986977,1.042638,1.041163,1.041058,1.048525,1.038392,1.050583,1.047563,1.036905,1.027462,1.008736,0.976692,0.973005,0.981329,0.987291,1.010445,1.045640,1.002454,0.981676,1.031468
7.663600,1.045649,1.043034,1.040541,1.029559,1.034504,1.035352,1.033764,1.033448,1.044550,1.035801,1.034979,1.026403,1.035126,1.035745,1.041636,1.045803,1.046155,1.044091,1.047667,0.986956,1.042617,1.041138,1.041033,1.048508,1.038362,1.050560,1.047546,1.036881,1.027437,1.008798,0.976683,0.972998,0.981310,0.987268,1.010416,1.045611,1.002420,0.981650,1.031455
7.671930,1.045651,1.043061,1.040548,1.029555,1.034498,1.035346,1.033757,1.033441,1.044540,1.035794,1.034972,1.026395,1.035119,1.035738,1.041623,1.045787,1.046144,1.044087,1.047647,0.986935,1.042597,1.041114,1.041008,1.048491,1.038332,1.050538,1.047529,1.036856,1.027412,1.008859,0.976674,0.972990,0.981291,0.987245,1.010388,1.045581,1.002385,0.981624,1.031443
7.680260,1.045654,1.043088,1.040555,1.029552,1.034491,1.035339,1.033750,1.033433,1.044529,1.035787,1.034965,1.026388,1.035111,1.035730,1.041610,1.045771,1.046133,1.044082,1.047627,0.986915,1.042577,1.041089,1.040984,1.048474,1.038302,1.050516,1.047512,1.036831,1.027386,1.008920,0.976665,0.972982,0.981271,0.987222,1.010359,1.045551,1.002351,0.981598,1.031431
7.688590,1.045656,1.043115,1.040561,1.029548,1.034485,1.035332,1.033743,1.033426,1.044519,1.035779,1.034958,1.026381,1.035104,1.035723,1.041596,1.045755,1.046121,1.044078,1.047607,0.986894,1.042556,1.041064,1.040959,1.048457,1.038273,1.050493,1.047495,1.036806,1.027361,1.008981,0.976656,0.972974,0.981252,0.987199,1.010330,1.045522,1.002316,0.981572,1.031419
7.696920,1.045659,1.043141,1.040568,1.029544,1.034478,1.035325,1.033736,1.033419,1.044509,1.035772,1.034951,1.026373,1.035096,1.035715,1.041583,1.045739,1.046110,1.044073,1.047587,0.986873,1.042536,1.041039,1.040934,1.048439,1.038243,1.050470,1.047477,1.036781,1.027335,1.009041,0.976647,0.972967,0.981232,0.987175,1.010301,1.045492,1.002282,0.981546,1.031407
7.705250,1.045661,1.043168,1.040575,1.029540,1.034472,1.035318,1.033729,1.033412,1.044499,1.035764,1.034943,1.026366,1.035089,1.035708,1.041569,1.045723,1.046098,1.044068,1.047567,0.986852,1.042515,1.041014,1.040909,1.048422,1.038213,1.050448,1.047460,1.036756,1.027310,1.009102,0.976637,0.972959,0.981213,0.987152,1.010272,1.045463,1.002247,0.981520,1.031396
7.713580,1.045664,1.043194,1.040581,1.029536,1.034465,1.035311,1.033721,1.033405,1.044489,1.035757,1.034936,1.026358,1.035081,1.035700,1.041555,1.045707,1.046086,1.044064,1.047547,0.986831,1.042495,1.040989,1.040885,1.048404,1.038183,1.050425,1.047442,1.036732,1.027284,1.009162,0.976628,0.972951,0.981193,0.987129,1.010243,1.045433,1.002212,0.981494,1.031384
7.721910,1.045667,1.043220,1.040587,1.029532,1.034458,1.035303,1.033714,1.033397,1.044479,1.035749,1.034928,1.026351,1.035074,1.035692,1.041541,1.045691,1.046075,1.044059,1.047526,0.986810,1.042474,1.040964,1.040860,1.048387,1.038152,1.050402,1.047424,1.036707,1.027259,1.009221,0.976618,0.972943,0.981173,0.987106,1.010214,1.045404,1.002177,0.981468,1.031373
7.730240,1.045669,1.043246,1.040594,1.029528,1.034451,1.035296,1.033707,1.033390,1.044470,1.035741,1.034921,1.026343,1.035066,1.035685,1.041528,1.045674,1.046063,1.044054,1.047506,0.986789,1.042453,1.040939,1.040835,1.048369,1.038122,1.050380,1.047407,1.036682,1.027233,1.009280,0.976609,0.972935,0.981153,0.987082,1.010185,1.045375,1.002142,0.981442,1.031361
7.738570,1.045672,1.043271,1.040600,1.029524,1.034445,1.035289,1.033699,1.033382,1.044460,1.035734,1.034913,1.026335,1.035058,1.035677,1.041514,1.045658,1.046051,1.044049,1.047486,0.986768,1.042433,1.040914,1.040810,1.048352,1.038092,1.050357,1.047389,1.036656,1.027208,1.009339,0.976600,0.972927,0.981134,0.987059,1.010155,1.045345,1.002107,0.981416,1.031350
7.746900,1.045674,1.043297,1.040606,1.029520,1.034438,1.035282,1.033692,1.033375,1.044450,1.035726,1.034905,1.026328,1.035050,1.035669,1.041500,1.045641,1.046039,1.044044,1.047465,0.986746,1.042412,1.040889,1.040785,1.048334,1.038062,1.050334,1.047371,1.036631,1.027182,1.009398,0.976590,0.972919,0.981114,0.987036,1.010126,1.045316,1.002072,0.981390,1.031339
7.755230,1.045677,1.043322,1.040612,1.029516,1.034431,1.035274,1.033685,1.033368,1.044441,1.035718,1.034898,1.026320,1.035042,1.035661,1.041486,1.045625,1.046027,1.044038,1.047445,0.986725,1.042391,1.040864,1.040760,1.048316,1.038032,1.050311,1.047353,1.036606,1.027156,1.009456,0.976581,0.972910,0.981094,0.987012,1.010097,1.045287,1.002037,0.981364,1.031328
7.763560,1.045680,1.043348,1.040617,1.029511,1.034424,1.035267,1.033677,1.033360,1.044431,1.035710,1.034890,1.026312,1.035034,1.035653,1.041472,1.045608,1.046015,1.044033,1.047425,0.986704,1.042370,1.040839,1.040735,1.048298,1.038001,1.050288,1.047335,1.036581,1.027131,1.009514,0.976571,0.972902,0.981074,0.986989,1.010068,1.045257,1.002002,0.981338,1.031318
7.771890,1.045682,1.043373,1.040623,1.029507,1.034417,1.035260,1.033670,1.033353,1.044422,1.035702,1.034882,1.026304,1.035026,1.035645,1.041458,1.045592,1.046002,1.044028,1.047404,0.986683,1.042349,1.040813,1.040710,1.048281,1.037971,1.050265,1.047317,1.036556,1.027105,1.009572,0.976561,0.972894,0.981054,0.986966,1.010038,1.045228,1.001967,0.981312,1.031307
7.780220,1.045685,1.043397,1.040629,1.029503,1.034410,1.035252,1.033662,1.033345,1.044412,1.035694,1.034874,1.026296,1.035018,1.035637,1.041443,1.045575,1.045990,1.044022,1.047384,0.986662,1.042328,1.040788,1.040685,1.048263,1.037940,1.050242,1.047299,1.036531,1.027080,1.009629,0.976552,0.972886,0.981034,0.986942,1.010009,1.045199,1.001932,0.981286,1.031297
7.788550,1.045687,1.043422,1.040634,1.029498,1.034403,1.035245,1.033655,1.033338,1.044403,1.035686,1.034866,1.026288,1.035010,1.035629,1.041429,1.045559,1.045978,1.044017,1.047363,0.986641,1.042308,1.040763,1.040660,1.048245,1.037910,1.050219,1.047281,1.036506,1.027054,1.009686,0.976542,0.972877,0.981015,0.986919,1.009980,1.045170,1.001897,0.981260,1.031286
7.796880,1.045690,1.043447,1.040640,1.029494,1.034396,1.035237,1.033647,1.033330,1.044394,1.035678,1.034859,1.026280,1.035002,1.035620,1.041415,1.045542,1.045966,1.044011,1.047343,0.986619,1.042287,1.040738,1.040635,1.048227,1.037879,1.050196,1.047263,1.036481,1.027028,1.009743,0.976533,0.972869,0.980995,0.986896,1.009951,1.045141,1.001861,0.981234,1.031276
7.805210,1.045693,1.043471,1.040645,1.029489,1.034389,1.035230,1.033640,1.033323,1.044385,1.035670,1.034851,1.026272,1.034994,1.035612,1.041401,1.045525,1.045953,1.044005,1.047322,0.986598,1.042266,1.040712,1.040611,1.048209,1.037849,1.050173,1.047245,1.036456,1.027003,1.009799,0.976523,0.972861,0.980975,0.986872,1.009921,1.045112,1.001826,0.981208,1.031266
7.813540,1.045696,1.043495,1.040650,1.029484,1.034381,1.035222,1.033632,1.033315,1.044376,1.035662,1.034843,1.026264,1.034986,1.035604,1.041386,1.045508,1.045941,1.044000,1.047302,0.986577,1.042245,1.040687,1.040586,1.048191,1.037818,1.050150,1.047227,1.036430,1.026977,1.009855,0.976513,0.972852,0.980955,0.986849,1.009892,1.045083,1.001791,0.981182,1.031256
7.821870,1.045698,1.043519,1.040655,1.029479,1.034374,1.035215,1.033625,1.033307,1.044367,1.035653,1.034835,1.026256,1.034977,1.035595,1.041372,1.045492,1.045928,1.043994,1.047281,0.986556,1.042224,1.040662,1.040561,1.048173,1.037788,1.050127,1.047209,1.036405,1.026951,1.009911,0.976503,0.972844,0.980935,0.986826,1.009863,1.045054,1.001755,0.981156,1.031247
7.830200,1.045701,1.043543,1.040660,1.029475,1.034367,1.035207,1.033617,1.033300,1.044358,1.035645,1.034827,1.026248,1.034969,1.035587,1.041358,1.045475,1.045916,1.043988,1.047260,0.986534,1.042203,1.040637,1.040536,1.048155,1.037757,1.050104,1.047191,1.036380,1.026926,1.009966,0.976494,0.972836,0.980915,0.986803,1.009833,1.045025,1.001720,0.981130,1.031237
7.838530,1.045704,1.043567,1.040665,1.029470,1.034360,1.035199,1.033609,1.033292,1.044349,1.035637,1.034819,1.026239,1.034961,1.035579,1.041343,1.045458,1.045903,1.043982,1.047240,0.986513,1.042181,1.040611,1.040511,1.048137,1.037726,1.050080,1.047172,1.036355,1.026900,1.010021,0.976484,0.972827,0.980895,0.986779,1.009804,1.044997,1.001684,0.981104,1.031228
7.846860,1.045706,1.043590,1.040669,1.029465,1.034352,1.035192,1.033602,1.033285,1.044340,1.035629,1.034811,1.026231,1.034953,1.035570,1.041329,1.045441,1.045891,1.043976,1.047219,0.986492,1.042160,1.040586,1.040486,1.048118,1.037696,1.050057,1.047154,1.036329,1.026874,1.010076,0.976474,0.972819,0.980875,0.986756,1.009775,1.044968,1.001649,0.981078,1.031218
7.855190,1.045709,1.043613,1.040674,1.029460,1.034345,1.035184,1.033594,1.033277,1.044332,1.035620,1.034802,1.026223,1.034944,1.035562,1.041314,1.045424,1.045878,1.043970,1.047198,0.986471,1.042139,1.040561,1.040461,1.048100,1.037665,1.050034,1.047136,1.036304,1.026849,1.010130,0.976464,0.972810,0.980855,0.986733,1.009745,1.044939,1.001613,0.981052,1.031209
7.863520,1.045712,1.043636,1.040678,1.029455,1.034338,1.035176,1.033587,1.033269,1.044323,1.035612,1.034794,1.026215,1.034936,1.035553,1.041300,1.045407,1.045865,1.043964,1.047178,0.986449,1.042118,1.040536,1.040436,1.048082,1.037634,1.050010,1.047117,1.036279,1.026823,1.010184,0.976455,0.972802,0.980835,0.986710,1.009716,1.044911,1.001578,0.981026,1.031200
7.871850,1.045715,1.043659,1.040683,1.029450,1.034330,1.035169,1.033579,1.033262,1.044315,1.035604,1.034786,1.026206,1.034927,1.035544,1.041285,1.045390,1.045852,1.043957,1.047157,0.986428,1.042097,1.040510,1.040411,1.048064,1.037603,1.049987,1.047099,1.036254,1.026797,1.010237,0.976445,0.972793,0.980815,0.986687,1.009687,1.044882,1.001542,0.981001,1.031191
7.880180,1.045718,1.043682,1.040687,1.029445,1.034323,1.035161,1.033571,1.033254,1.044306,1.035595,1.034778,1.026198,1.034919,1.035536,1.041271,1.045373,1.045839,1.043951,1.047136,0.986407,1.042076,1.040485,1.040386,1.048046,1.037572,1.049964,1.047080,1.036228,1.026771,1.010290,0.976435,0.972784,0.980794,0.986663,1.009657,1.044854,1.001506,0.980975,1.031183
7.888510,1.045720,1.043704,1.040691,1.029439,1.034316,1.035153,1.033563,1.033246,1.044298,1.035587,1.034770,1.026190,1.034910,1.035527,1.041256,1.045356,1.045826,1.043945,1.047116,0.986386,1.042055,1.040460,1.040361,1.048027,1.037541,1.049940,1.047062,1.036203,1.026746,1.010343,0.976425,0.972776,0.980774,0.986640,1.009628,1.044826,1.001470,0.980949,1.031174
7.896840,1.045723,1.043726,1.040695,1.029434,1.034308,1.035145,1.033556,1.033239,1.044290,1.035578,1.034761,1.026181,1.034902,1.035518,1.041241,1.045339,1.045813,1.043938,1.047095,0.986364,1.042033,1.040434,1.040336,1.048009,1.037510,1.049917,1.047043,1.036178,1.026720,1.010395,0.976415,0.972767,0.980754,0.986617,1.009599,1.044797,1.001435,0.980923,1.031166
7.905170,1.045726,1.043748,1.040699,1.029429,1.034301,1.035137,1.033548,1.033231,1.044282,1.035570,1.034753,1.026173,1.034893,1.035510,1.041226,1.045322,1.045800,1.043931,1.047074,0.986343,1.042012,1.040409,1.040311,1.047991,1.037479,1.049893,1.047025,1.036152,1.026694,1.010447,0.976405,0.972758,0.980734,0.986594,1.009569,1.044769,1.001399,0.980897,1.031157
7.913500,1.045729,1.043770,1.040703,1.029423,1.034293,1.035129,1.033540,1.033223,1.044273,1.035561,1.034745,1.026164,1.034884,1.035501,1.041212,1.045304,1.045787,1.043925,1.047053,0.986322,1.041991,1.040384,1.040287,1.047972,1.037448,1.049870,1.047006,1.036127,1.026668,1.010498,0.976395,0.972750,0.980714,0.986571,1.009540,1.044741,1.001363,0.980871,1.031149
7.921830,1.045732,1.043792,1.040706,1.029418,1.034286,1.035122,1.033532,1.033215,1.044265,1.035552,1.034736,1.026156,1.034876,1.035492,1.041197,1.045287,1.045774,1.043918,1.047033,0.986300,1.041970,1.040358,1.040262,1.047954,1.037417,1.049846,1.046987,1.036101,1.026642,1.010549,0.976385,0.972741,0.980694,0.986548,1.009511,1.044713,1.001327,0.980845,1.031141
7.930160,1.045734,1.043813,1.040710,1.029412,1.034278,1.035114,1.033525,1.033208,1.044257,1.035544,1.034728,1.026147,1.034867,1.035483,1.041182,1.045270,1.045761,1.043911,1.047012,0.986279,1.041948,1.040333,1.040237,1.047935,1.037386,1.049822,1.046969,1.036076,1.026617,1.010600,0.976375,0.972732,0.980674,0.986525,1.009481,1.044684,1.001291,0.980819,1.031133
7.938490,1.045737,1.043834,1.040713,1.029407,1.034271,1.035106,1.033517,1.033200,1.044250,1.035535,1.034719,1.026138,1.034858,1.035474,1.041167,1.045253,1.045748,1.043904,1.046991,0.986258,1.041927,1.040308,1.040212,1.047917,1.037355,1.049799,1.046950,1.036050,1.026591,1.010650,0.976365,0.972723,0.980654,0.986502,1.009452,1.044656,1.001255,0.980793,1.031125
7.946820,1.045740,1.043855,1.040717,1.029401,1.034263,1.035098,1.033509,1.033192,1.044242,1.035526,1.034711,1.026130,1.034850,1.035465,1.041152,1.045235,1.045734,1.043897,1.046970,0.986237,1.041906,1.040283,1.040187,1.047899,1.037324,1.049775,1.046931,1.036025,1.026565,1.010700,0.976355,0.972714,0.980633,0.986479,1.009423,1.044628,1.001219,0.980767,1.031118
7.955150,1.045743,1.043876,1.040720,1.029396,1.034255,1.035090,1.033501,1.033184,1.044234,1.035518,1.034703,1.026121,1.034841,1.035456,1.041137,1.045218,1.045721,1.043890,1.046949,0.986215,1.041885,1.040257,1.040162,1.047880,1.037292,1.049751,1.046912,1.035999,1.026539,1.010750,0.976345,0.972706,0.980613,0.986456,1.009393,1.044601,1.001183,0.980741,1.031110
7.963480,1.045746,1.043897,1.040723,1.029390,1.034248,1.035082,1.033493,1.033177,1.044226,1.035509,1.034694,1.026112,1.034832,1.035447,1.041122,1.045201,1.045708,1.043883,1.046929,0.986194,1.041863,1.040232,1.040137,1.047862,1.037261,1.049727,1.046893,1.035974,1.026513,1.010799,0.976335,0.972697,0.980593,0.986433,1.009364,1.044573,1.001147,0.980715,1.031103
7.971810,1.045749,1.043917,1.040726,1.029384,1.034240,1.035074,1.033485,1.033169,1.044219,1.035500,1.034685,1.026104,1.034823,1.035438,1.041107,1.045183,1.045694,1.043876,1.046908,0.986173,1.041842,1.040207,1.040113,1.047843,1.037230,1.049704,1.046874,1.035948,1.026487,1.010847,0.976325,0.972688,0.980573,0.986410,1.009335,1.044545,1.001111,0.980689,1.031096
7.980140,1.045752,1.043937,1.040729,1.029378,1.034232,1.035066,1.033477,1.033161,1.044211,1.035491,1.034677,1.026095,1.034814,1.035428,1.041092,1.045166,1.045681,1.043869,1.046887,0.986152,1.041821,1.040181,1.040088,1.047824,1.037198,1.049680,1.046855,1.035923,1.026461,1.010895,0.976315,0.972679,0.980553,0.986387,1.009305,1.044517,1.001074,0.980663,1.031089
7.988470,1.045755,1.043957,1.040731,1.029373,1.034224,1.035057,1.033470,1.033153,1.044204,1.035483,1.034668,1.026086,1.034805,1.035419,1.041077,1.045149,1.045667,1.043861,1.046866,0.986130,1.041799,1.040156,1.040063,1.047806,1.037167,1.049656,1.046836,1.035897,1.026435,1.010943,0.976305,0.972670,0.980533,0.986364,1.009276,1.044489,1.001038,0.980637,1.031082
7.996800,1.045757,1.043977,1.040734,1.029367,1.034217,1.035049,1.033462,1.033145,1.044197,1.035474,1.034660,1.026077,1.034796,1.035410,1.041062,1.045131,1.045654,1.043854,1.046845,0.986109,1.041778,1.040131,1.040038,1.047787,1.037135,1.049632,1.046817,1.035872,1.026409,1.010991,0.976295,0.972661,0.980512,0.986341,1.009247,1.044462,1.001002,0.980611,1.031075
8.005130,1.045760,1.043996,1.040737,1.029361,1.034209,1.035041,1.033454,1.033137,1.044189,1.035465,1.034651,1.026068,1.034787,1.035401,1.041047,1.045114,1.045640,1.043846,1.046824,0.986088,1.041757,1.040106,1.040014,1.047769,1.037104,1.049608,1.046798,1.035846,1.026383,1.011037,0.976285,0.972652,0.980492,0.986319,1.009218,1.044434,1.000965,0.980585,1.031068
8.013460,1.045763,1.044016,1.040739,1.029355,1.034201,1.035033,1.033446,1.033130,1.044182,1.035456,1.034642,1.026060,1.034778,1.035392,1.041032,1.045096,1.045626,1.043839,1.046804,0.986067,1.041735,1.040081,1.039989,1.047750,1.037072,1.049584,1.046779,1.035820,1.026357,1.011084,0.976275,0.972643,0.980472,0.986296,1.009188,1.044407,1.000929,0.980559,1.031062
8.021790,1.045766,1.044035,1.040741,1.029349,1.034193,1.035025,1.033438,1.033122,1.044175,1.035447,1.034634,1.026051,1.034769,1.035382,1.041017,1.045079,1.045613,1.043831,1.046783,0.986046,1.041714,1.040055,1.039964,1.047732,1.037040,1.049560,1.046759,1.035795,1.026332,1.011130,0.976265,0.972634,0.980452,0.986273,1.009159,1.044380,1.000892,0.980533,1.031055
8.030120,1.045769,1.044054,1.040743,1.029343,1.034186,1.035017,1.033430,1.033114,1.044168,1.035438,1.034625,1.026042,1.034760,1.035373,1.041002,1.045061,1.045599,1.043824,1.046762,0.986025,1.041693,1.040030,1.039940,1.047713,1.037009,1.049536,1.046740,1.035769,1.026306,1.011176,0.976255,0.972625,0.980432,0.986251,1.009130,1.044352,1.000856,0.980507,1.031049
8.038450,1.045772,1.044072,1.040746,1.029337,1.034178,1.035009,1.033422,1.033106,1.044161,1.035429,1.034616,1.026033,1.034751,1.035364,1.040987,1.045044,1.045585,1.043816,1.046741,0.986004,1.041671,1.040005,1.039915,1.047694,1.036977,1.049512,1.046721,1.035744,1.026280,1.011221,0.976245,0.972616,0.980412,0.986228,1.009101,1.044325,1.000819,0.980482,1.031043
8.046780,1.045775,1.044091,1.040748,1.029330,1.034170,1.035000,1.033414,1.033098,1.044154,1.035420,1.034608,1.026024,1.034742,1.035354,1.040972,1.045026,1.045571,1.043808,1.046721,0.985983,1.041650,1.039980,1.039891,1.047676,1.036946,1.049488,1.046702,1.035718,1.026254,1.011266,0.976234,0.972607,0.980392,0.986205,1.009072,1.044298,1.000783,0.980456,1.031037
8.055110,1.045778,1.044109,1.040749,1.029324,1.034162,1.034992,1.033406,1.033091,1.044148,1.035411,1.034599,1.026015,1.034733,1.035345,1.040957,1.045009,1.045558,1.043800,1.046700,0.985962,1.041629,1.039955,1.039866,1.047657,1.036914,1.049464,1.046683,1.035692,1.026228,1.011311,0.976224,0.972598,0.980372,0.986183,1.009043,1.044271,1.000746,0.980430,1.031031
8.063440,1.045781,1.044128,1.040751,1.029318,1.034154,1.034984,1.033398,1.033083,1.044141,1.035402,1.034590,1.026006,1.034724,1.035336,1.040941,1.044992,1.045544,1.043793,1.046679,0.985941,1.041608,1.039930,1.039842,1.047639,1.036882,1.049440,1.046663,1.035667,1.026202,1.011355,0.976214,0.972589,0.980351,0.986161,1.009014,1.044244,1.000710,0.980404,1.031025
8.071770,1.045784,1.044146,1.040753,1.029312,1.034146,1.034976,1.033390,1.033075,1.044134,1.035393,1.034582,1.025997,1.034715,1.035326,1.040926,1.044974,1.045530,1.043785,1.046659,0.985920,1.041587,1.039905,1.039817,1.047620,1.036850,1.049416,1.046644,1.035641,1.026176,1.011399,0.976204,0.972580,0.980332,0.986138,1.008985,1.044217,1.000673,0.980378,1.031020
8.080100,1.045788,1.044164,1.040755,1.029306,1.034139,1.034968,1.033383,1.033067,1.044128,1.035384,1.034573,1.025989,1.034706,1.035317,1.040911,1.044957,1.045516,1.043777,1.046638,0.985899,1.041565,1.039880,1.039793,1.047602,1.036819,1.049392,1.046625,1.035616,1.026150,1.011443,0.976194,0.972570,0.980312,0.986116,1.008956,1.044191,1.000636,0.980353,1.031014
8.088430,1.045791,1.044181,1.040756,1.029300,1.034131,1.034960,1.033375,1.033060,1.044122,1.035375,1.034564,1.025980,1.034697,1.035307,1.040896,1.044939,1.045502,1.043769,1.046618,0.985878,1.041544,1.039856,1.039769,1.047583,1.036787,1.049368,1.046605,1.035590,1.026124,1.011486,0.976184,0.972561,0.980292,0.986094,1.008928,1.044164,1.000600,0.980327,1.031009
8.096760,1.045794,1.044199,1.040758,1.029293,1.034123,1.034952,1.033367,1.033052,1.044115,1.035367,1.034556,1.025971,1.034688,1.035298,1.040881,1.044922,1.045489,1.043761,1.046597,0.985858,1.041523,1.039831,1.039745,1.047565,1.036755,1.049344,1.046586,1.035565,1.026099,1.011529,0.976174,0.972552,0.980272,0.986072,1.008899,1.044138,1.000563,0.980301,1.031004
8.105090,1.045797,1.044216,1.040759,1.029287,1.034115,1.034944,1.033359,1.033044,1.044109,1.035358,1.034547,1.025962,1.034679,1.035289,1.040866,1.044905,1.045475,1.043753,1.046577,0.985837,1.041502,1.039806,1.039721,1.047547,1.036724,1.049320,1.046567,1.035539,1.026073,1.011571,0.976164,0.972544,0.980252,0.986050,1.008871,1.044112,1.000527,0.980276,1.030999
8.113420,1.045800,1.044233,1.040761,1.029281,1.034108,1.034936,1.033351,1.033037,1.044103,1.035349,1.034538,1.025953,1.034670,1.035280,1.040851,1.044888,1.045461,1.043745,1.046557,0.985817,1.041482,1.039782,1.039697,1.047528,1.036692,1.049296,1.046548,1.035514,1.026047,1.011613,0.976155,0.972535,0.980232,0.986028,1.008842,1.044086,1.000490,0.980250,1.030994
8.121750,1.045804,1.044251,1.040762,1.029275,1.034100,1.034928,1.033344,1.033029,1.044097,1.035340,1.034530,1.025944,1.034661,1.035270,1.040837,1.044870,1.045447,1.043737,1.046536,0.985796,1.041461,1.039757,1.039673,1.047510,1.036660,1.049272,1.046529,1.035489,1.026022,1.011655,0.976145,0.972526,0.980213,0.986006,1.008814,1.044060,1.000453,0.980225,1.030989
8.130080,1.045807,1.044268,1.040763,1.029269,1.034092,1.034920,1.033336,1.033022,1.044091,1.035331,1.034521,1.025936,1.034652,1.035261,1.040822,1.044853,1.045434,1.043729,1.046516,0.985776,1.041440,1.039733,1.039649,1.047492,1.036629,1.049248,1.046509,1.035463,1.025996,1.011696,0.976135,0.972517,0.980193,0.985985,1.008785,1.044034,1.000417,0.980199,1.030984
8.138410,1.045810,1.044284,1.040765,1.029262,1.034085,1.034912,1.033328,1.033014,1.044085,1.035323,1.034513,1.025927,1.034643,1.035252,1.040807,1.044836,1.045420,1.043721,1.046496,0.985756,1.041419,1.039709,1.039626,1.047474,1.036597,1.049224,1.046490,1.035438,1.025971,1.011737,0.976125,0.972508,0.980174,0.985963,1.008757,1.044008,1.000380,0.980174,1.030980
8.146740,1.045814,1.044301,1.040766,1.029256,1.034077,1.034904,1.033321,1.033007,1.044080,1.035314,1.034505,1.025918,1.034634,1.035243,1.040792,1.044819,1.045406,1.043713,1.046476,0.985736,1.041399,1.039685,1.039602,1.047456,1.036566,1.049201,1.046471,1.035413,1.025945,1.011778,0.976115,0.972499,0.980155,0.985942,1.008729,1.043983,1.000344,0.980149,1.030975
8.155070,1.045817,1.044318,1.040767,1.029250,1.034070,1.034896,1.033313,1.032999,1.044074,1.035305,1.034496,1.025910,1.034626,1.035234,1.040778,1.044803,1.045393,1.043705,1.046457,0.985716,1.041379,1.039661,1.039579,1.047438,1.036534,1.049177,1.046452,1.035388,1.025920,1.011819,0.976106,0.972491,0.980135,0.985921,1.008701,1.043957,1.000307,0.980124,1.030971
8.163400,1.045821,1.044334,1.040769,1.029244,1.034062,1.034888,1.033306,1.032992,1.044069,1.035297,1.034488,1.025901,1.034617,1.035225,1.040763,1.044786,1.045379,1.043697,1.046437,0.985696,1.041358,1.039637,1.039556,1.047420,1.036503,1.049153,1.046433,1.035363,1.025895,1.011859,0.976096,0.972482,0.980116,0.985900,1.008674,1.043932,1.000271,0.980099,1.030967
8.171730,1.045824,1.044351,1.040770,1.029238,1.034055,1.034881,1.033299,1.032985,1.044063,1.035288,1.034480,1.025893,1.034608,1.035216,1.040749,1.044769,1.045366,1.043690,1.046417,0.985676,1.041338,1.039613,1.039533,1.047403,1.036471,1.049130,1.046415,1.035338,1.025870,1.011899,0.976087,0.972473,0.980097,0.985879,1.008646,1.043907,1.000234,0.980074,1.030963
8.180060,1.045828,1.044367,1.040771,1.029232,1.034048,1.034873,1.033291,1.032978,1.044058,1.035280,1.034472,1.025885,1.034600,1.035207,1.040735,1.044753,1.045353,1.043682,1.046398,0.985657,1.041318,1.039590,1.039510,1.047385,1.036440,1.049106,1.046396,1.035313,1.025845,1.011939,0.976078,0.972465,0.980078,0.985859,1.008619,1.043883,1.000198,0.980049,1.030959
8.188390,1.045832,1.044383,1.040772,1.029226,1.034041,1.034866,1.033284,1.032971,1.044053,1.035272,1.034464,1.025876,1.034591,1.035198,1.040720,1.044736,1.045339,1.043674,1.046379,0.985638,1.041298,1.039566,1.039487,1.047368,1.036409,1.049083,1.046377,1.035289,1.025820,1.011978,0.976068,0.972456,0.980060,0.985838,1.008591,1.043858,1.000162,0.980025,1.030955
8.196720,1.045835,1.044399,1.040774,1.029221,1.034033,1.034858,1.033277,1.032964,1.044048,1.035263,1.034456,1.025868,1.034583,1.035189,1.040706,1.044720,1.045326,1.043666,1.046360,0.985618,1.041278,1.039543,1.039464,1.047350,1.036378,1.049060,1.046359,1.035264,1.025795,1.012018,0.976059,0.972448,0.980041,0.985818,1.008564,1.043834,1.000126,0.980000,1.030952
8.205050,1.045839,1.044416,1.040775,1.029215,1.034026,1.034851,1.033270,1.032957,1.044043,1.035255,1.034448,1.025860,1.034575,1.035181,1.040692,1.044704,1.045313,1.043659,1.046341,0.985599,1.041259,1.039520,1.039442,1.047333,1.036347,1.049036,1.046340,1.035240,1.025771,1.012057,0.976050,0.972440,0.980023,0.985798,1.008537,1.043810,1.000090,0.979976,1.030948
8.213380,1.045843,1.044432,1.040776,1.029209,1.034020,1.034844,1.033263,1.032950,1.044038,1.035247,1.034440,1.025852,1.034567,1.035172,1.040678,1.044688,1.045300,1.043651,1.046322,0.985581,1.041239,1.039497,1.039420,1.047316,1.036316,1.049013,1.046322,1.035216,1.025747,1.012095,0.976041,0.972432,0.980004,0.985778,1.008510,1.043786,1.000054,0.979952,1.030945
8.221710,1.045847,1.044448,1.040778,1.029204,1.034013,1.034836,1.033257,1.032944,1.044034,1.035239,1.034432,1.025844,1.034559,1.035164,1.040665,1.044672,1.045288,1.043644,1.046303,0.985562,1.041220,1.039474,1.039398,1.047299,1.036285,1.048991,1.046304,1.035192,1.025722,1.012134,0.976032,0.972424,0.979986,0.985758,1.008484,1.043763,1.000018,0.979928,1.030942
8.230040,1.045851,1.044464,1.040779,1.029198,1.034006,1.034829,1.033250,1.032937,1.044029,1.035231,1.034425,1.025837,1.034551,1.035156,1.040651,1.044656,1.045275,1.043637,1.046285,0.985544,1.041201,1.039452,1.039376,1.047283,1.036254,1.048968,1.046286,1.035168,1.025698,1.012172,0.976023,0.972416,0.979968,0.985739,1.008457,1.043740,0.999982,0.979904,1.030939
8.238370,1.045855,1.044480,1.040780,1.029193,1.033999,1.034823,1.033243,1.032931,1.044025,1.035224,1.034417,1.025829,1.034543,1.035147,1.040638,1.044641,1.045262,1.043629,1.046267,0.985525,1.041182,1.039430,1.039355,1.047266,1.036224,1.048945,1.046268,1.035144,1.025674,1.012210,0.976015,0.972408,0.979951,0.985720,1.008431,1.043717,0.999946,0.979881,1.030936
8.246700,1.045860,1.044496,1.040782,1.029188,1.033993,1.034816,1.033237,1.032925,1.044020,1.035216,1.034410,1.025821,1.034535,1.035139,1.040625,1.044625,1.045250,1.043622,1.046249,0.985507,1.041163,1.039408,1.039333,1.047250,1.036193,1.048923,1.046250,1.035120,1.025651,1.012248,0.976006,0.972400,0.979933,0.985701,1.008405,1.043694,0.999911,0.979857,1.030933
8.255030,1.045864,1.044511,1.040784,1.029182,1.033987,1.034809,1.033231,1.032919,1.044016,1.035209,1.034403,1.025814,1.034528,1.035131,1.040611,1.044610,1.045238,1.043615,1.046231,0.985490,1.041145,1.039386,1.039312,1.047234,1.036163,1.048901,1.046232,1.035097,1.025627,1.012286,0.975998,0.972393,0.979916,0.985682,1.008380,1.043672,0.999875,0.979834,1.030930
8.263360,1.045868,1.044527,1.040785,1.029177,1.033980,1.034803,1.033224,1.032913,1.044012,1.035202,1.034396,1.025807,1.034520,1.035124,1.040599,1.044595,1.045226,1.043609,1.046214,0.985472,1.041127,1.039364,1.039291,1.047218,1.036133,1.048879,1.046215,1.035074,1.025604,1.012324,0.975990,0.972385,0.979899,0.985664,1.008354,1.043650,0.999840,0.979811,1.030928
8.271690,1.045873,1.044543,1.040787,1.029173,1.033974,1.034796,1.033218,1.032907,1.044009,1.035194,1.034389,1.025800,1.034513,1.035116,1.040586,1.044580,1.045214,1.043602,1.046196,0.985455,1.041109,1.039343,1.039271,1.047202,1.036103,1.048857,1.046198,1.035051,1.025581,1.012361,0.975982,0.972378,0.979882,0.985646,1.008329,1.043628,0.999805,0.979788,1.030926
8.280020,1.045878,1.044559,1.040789,1.029168,1.033968,1.034790,1.033213,1.032901,1.044005,1.035187,1.034382,1.025793,1.034506,1.035109,1.040573,1.044566,1.045202,1.043595,1.046179,0.985438,1.041091,1.039322,1.039251,1.047186,1.036073,1.048835,1.046181,1.035028,1.025558,1.012399,0.975974,0.972371,0.979865,0.985628,1.008304,1.043607,0.999770,0.979766,1.030923
8.288350,1.045882,1.044575,1.040791,1.029163,1.033963,1.034784,1.033207,1.032895,1.044001,1.035181,1.034376,1.025786,1.034499,1.035101,1.040561,1.044551,1.045190,1.043589,1.046163,0.985421,1.041073,1.039301,1.039231,1.047171,1.036043,1.048813,1.046164,1.035006,1.025535,1.012436,0.975966,0.972364,0.979849,0.985611,1.008279,1.043585,0.999735,0.979743,1.030921
8.296680,1.045887,1.044591,1.040793,1.029159,1.033957,1.034778,1.033201,1.032890,1.043998,1.035174,1.034369,1.025779,1.034492,1.035094,1.040549,1.044537,1.045179,1.043583,1.046146,0.985405,1.041056,1.039281,1.039211,1.047156,1.036014,1.048792,1.046147,1.034983,1.025513,1.012473,0.975958,0.972357,0.979833,0.985594,1.008255,1.043565,0.999700,0.979721,1.030919
8.305010,1.045892,1.044607,1.040795,1.029154,1.033952,1.034772,1.033196,1.032885,1.043995,1.035167,1.034363,1.025773,1.034486,1.035087,1.040537,1.044523,1.045168,1.043577,1.046130,0.985388,1.041039,1.039260,1.039191,1.047141,1.035985,1.048771,1.046131,1.034961,1.025491,1.012510,0.975951,0.972350,0.979817,0.985577,1.008231,1.043544,0.999666,0.979700,1.030918
8.313340,1.045897,1.044623,1.040797,1.029150,1.033946,1.034767,1.033191,1.032880,1.043992,1.035161,1.034357,1.025767,1.034479,1.035081,1.040525,1.044510,1.045157,1.043571,1.046114,0.985373,1.041022,1.039240,1.039172,1.047127,1.035956,1.048750,1.046114,1.034940,1.025469,1.012546,0.975944,0.972344,0.979801,0.985560,1.008207,1.043524,0.999632,0.979678,1.030916
8.321670,1.045902,1.044639,1.040800,1.029146,1.033941,1.034761,1.033186,1.032875,1.043989,1.035155,1.034351,1.025761,1.034473,1.035074,1.040514,1.044496,1.045146,1.043565,1.046098,0.985357,1.041005,1.039221,1.039153,1.047112,1.035927,1.048730,1.046098,1.034918,1.025447,1.012583,0.975936,0.972338,0.979786,0.985544,1.008183,1.043505,0.999597,0.979657,1.030915
8.330000,1.045907,1.044655,1.040802,1.029142,1.033936,1.034756,1.033181,1.032870,1.043986,1.035149,1.034345,1.025755,1.034467,1.035068,1.040503,1.044483,1.045136,1.043559,1.046083,0.985342,1.040989,1.039201,1.039135,1.047098,1.035899,1.048709,1.046083,1.034897,1.025426,1.012620,0.975930,0.972331,0.979770,0.985528,1.008160,1.043485,0.999563,0.979636,1.030913
8.338330,1.045913,1.044671,1.040805,1.029139,1.033931,1.034751,1.033176,1.032865,1.043983,1.035143,1.034340,1.025749,1.034461,1.035061,1.040492,1.044470,1.045126,1.043554,1.046068,0.985327,1.040973,1.039182,1.039117,1.047085,1.035870,1.048689,1.046067,1.034876,1.025405,1.012656,0.975923,0.972326,0.979756,0.985513,1.008137,1.043466,0.999530,0.979615,1.030912
8.346660,1.045918,1.044687,1.040808,1.029135,1.033927,1.034746,1.033171,1.032861,1.043981,1.035138,1.034334,1.025743,1.034455,1.035055,1.040481,1.044457,1.045115,1.043549,1.046053,0.985312,1.040958,1.039163,1.039099,1.047071,1.035842,1.048669,1.046052,1.034855,1.025384,1.012692,0.975916,0.972320,0.979741,0.985497,1.008114,1.043448,0.999496,0.979595,1.030911
8.354990,1.045924,1.044703,1.040811,1.029132,1.033922,1.034742,1.033167,1.032857,1.043979,1.035132,1.034329,1.025738,1.034450,1.035050,1.040471,1.044445,1.045106,1.043544,1.046038,0.985298,1.040942,1.039145,1.039081,1.047058,1.035814,1.048650,1.046037,1.034835,1.025364,1.012729,0.975910,0.972314,0.979727,0.985483,1.008092,1.043430,0.999463,0.979575,1.030910
8.363320,1.045929,1.044719,1.040814,1.029129,1.033918,1.034737,1.033163,1.032853,1.043976,1.035127,1.034324,1.025733,1.034444,1.035044,1.040461,1.044433,1.045096,1.043539,1.046024,0.985284,1.040927,1.039127,1.039064,1.047045,1.035787,1.048630,1.046022,1.034815,1.025343,1.012765,0.975904,0.972309,0.979713,0.985468,1.008070,1.043412,0.999430,0.979555,1.030909
8.371650,1.045935,1.044735,1.040817,1.029126,1.033914,1.034733,1.033159,1.032849,1.043974,1.035122,1.034320,1.025728,1.034439,1.035039,1.040451,1.044421,1.045087,1.043535,1.046011,0.985270,1.040912,1.039109,1.039047,1.047032,1.035759,1.048611,1.046007,1.034795,1.025323,1.012801,0.975898,0.972304,0.979699,0.985454,1.008048,1.043394,0.999397,0.979536,1.030908
8.379980,1.045941,1.044752,1.040820,1.029123,1.033911,1.034729,1.033155,1.032845,1.043973,1.035118,1.034315,1.025723,1.034435,1.035034,1.040441,1.044410,1.045078,1.043530,1.045997,0.985257,1.040898,1.039092,1.039030,1.047020,1.035732,1.048593,1.045993,1.034775,1.025304,1.012837,0.975892,0.972299,0.979686,0.985440,1.008027,1.043378,0.999365,0.979516,1.030908
8.388310,1.045947,1.044768,1.040824,1.029121,1.033907,1.034725,1.033152,1.032842,1.043971,1.035113,1.034311,1.025719,1.034430,1.035029,1.040432,1.044398,1.045069,1.043526,1.045984,0.985244,1.040884,1.039075,1.039014,1.047008,1.035705,1.048574,1.045979,1.034756,1.025285,1.012873,0.975887,0.972294,0.979673,0.985427,1.008006,1.043361,0.999332,0.979498,1.030908
8.396640,1.045953,1.044785,1.040828,1.029118,1.033904,1.034721,1.033148,1.032839,1.043970,1.035109,1.034307,1.025715,1.034426,1.035024,1.040423,1.044388,1.045060,1.043523,1.045971,0.985231,1.040870,1.039058,1.038998,1.046996,1.035679,1.048556,1.045965,1.034737,1.025266,1.012909,0.975881,0.972289,0.979660,0.985414,1.007985,1.043345,0.999300,0.979479,1.030907
8.404970,1.045959,1.044801,1.040832,1.029116,1.033900,1.034718,1.033145,1.032836,1.043968,1.035105,1.034303,1.025711,1.034421,1.035020,1.040414,1.044377,1.045052,1.043519,1.045959,0.985219,1.040856,1.039041,1.038983,1.046985,1.035653,1.048538,1.045952,1.034719,1.025247,1.012945,0.975876,0.972285,0.979648,0.985402,1.007965,1.043329,0.999269,0.979461,1.030907
8.413300,1.045966,1.044818,1.040836,1.029114,1.033897,1.034715,1.033142,1.032833,1.043967,1.035101,1.034299,1.025707,1.034417,1.035015,1.040405,1.044367,1.045044,1.043516,1.045947,0.985207,1.040843,1.039025,1.038968,1.046973,1.035627,1.048520,1.045939,1.034700,1.025229,1.012981,0.975871,0.972281,0.979636,0.985390,1.007945,1.043314,0.999237,0.979443,1.030907
8.421630,1.045972,1.044834,1.040840,1.029113,1.033895,1.034712,1.033139,1.032830,1.043966,1.035097,1.034296,1.025703,1.034414,1.035011,1.040397,1.044357,1.045037,1.043512,1.045935,0.985195,1.040830,1.039010,1.038953,1.046963,1.035601,1.048503,1.045926,1.034682,1.025211,1.013016,0.975866,0.972277,0.979624,0.985378,1.007925,1.043299,0.999206,0.979426,1.030907
8.429960,1.045979,1.044851,1.040844,1.029111,1.033892,1.034709,1.033137,1.032828,1.043965,1.035094,1.034293,1.025700,1.034410,1.035008,1.040389,1.044347,1.045029,1.043509,1.045923,0.985184,1.040818,1.038994,1.038939,1.046952,1.035575,1.048486,1.045914,1.034665,1.025194,1.013052,0.975862,0.972273,0.979613,0.985367,1.007906,1.043285,0.999175,0.979409,1.030907
8.438290,1.045985,1.044868,1.040849,1.029110,1.033890,1.034706,1.033134,1.032826,1.043964,1.035091,1.034290,1.025697,1.034407,1.035004,1.040381,1.044338,1.045022,1.043507,1.045912,0.985174,1.040806,1.038979,1.038925,1.046942,1.035550,1.048469,1.045901,1.034648,1.025176,1.013088,0.975858,0.972270,0.979602,0.985356,1.007887,1.043271,0.999144,0.979392,1.030908
8.446620,1.045992,1.044885,1.040854,1.029109,1.033888,1.034704,1.033132,1.032824,1.043964,1.035088,1.034287,1.025694,1.034404,1.035001,1.040374,1.044329,1.045015,1.043504,1.045902,0.985163,1.040794,1.038965,1.038911,1.046932,1.035526,1.048453,1.045889,1.034631,1.025160,1.013123,0.975854,0.972267,0.979591,0.985345,1.007868,1.043258,0.999114,0.979376,1.030908
8.454950,1.045999,1.044902,1.040859,1.029108,1.033886,1.034702,1.033130,1.032822,1.043964,1.035085,1.034284,1.025691,1.034401,1.034998,1.040367,1.044320,1.045009,1.043502,1.045892,0.985153,1.040783,1.038951,1.038898,1.046923,1.035501,1.048437,1.045878,1.034614,1.025143,1.013159,0.975850,0.972264,0.979581,0.985335,1.007850,1.043244,0.999083,0.979360,1.030909
8.463280,1.046006,1.044919,1.040864,1.029108,1.033884,1.034700,1.033129,1.032820,1.043963,1.035083,1.034282,1.025689,1.034399,1.034995,1.040360,1.044311,1.045002,1.043500,1.045882,0.985144,1.040772,1.038937,1.038885,1.046914,1.035477,1.048421,1.045866,1.034598,1.025127,1.013194,0.975846,0.972261,0.979571,0.985326,1.007833,1.043232,0.999054,0.979344,1.030910
8.471610,1.046013,1.044936,1.040869,1.029107,1.033883,1.034698,1.033127,1.032819,1.043963,1.035080,1.034280,1.025687,1.034396,1.034993,1.040354,1.044303,1.044996,1.043499,1.045872,0.985134,1.040761,1.038924,1.038873,1.046905,1.035453,1.048406,1.045855,1.034582,1.025111,1.013229,0.975843,0.972258,0.979561,0.985317,1.007815,1.043220,0.999024,0.979329,1.030910
8.479940,1.046020,1.044954,1.040875,1.029107,1.033881,1.034697,1.033126,1.032818,1.043963,1.035078,1.034278,1.025685,1.034394,1.034990,1.040348,1.044296,1.044991,1.043497,1.045863,0.985126,1.040751,1.038910,1.038861,1.046896,1.035429,1.048391,1.045845,1.034567,1.025096,1.013265,0.975840,0.972256,0.979552,0.985308,1.007798,1.043208,0.998995,0.979314,1.030911
8.488270,1.046028,1.044971,1.040881,1.029107,1.033880,1.034696,1.033125,1.032817,1.043964,1.035077,1.034277,1.025683,1.034392,1.034988,1.040342,1.044288,1.044985,1.043496,1.045854,0.985117,1.040741,1.038898,1.038849,1.046888,1.035406,1.048376,1.045834,1.034552,1.025081,1.013300,0.975837,0.972254,0.979543,0.985300,1.007782,1.043197,0.998966,0.979299,1.030912
8.496600,1.046035,1.044988,1.040887,1.029107,1.033880,1.034695,1.033124,1.032816,1.043964,1.035075,1.034275,1.025682,1.034391,1.034987,1.040336,1.044281,1.044980,1.043495,1.045846,0.985109,1.040731,1.038886,1.038838,1.046880,1.035383,1.048362,1.045824,1.034537,1.025066,1.013335,0.975834,0.972252,0.979534,0.985292,1.007765,1.043186,0.998937,0.979285,1.030914
8.504930,1.046043,1.045006,1.040893,1.029108,1.033879,1.034694,1.033124,1.032816,1.043965,1.035074,1.034274,1.025680,1.034390,1.034985,1.040331,1.044275,1.044976,1.043495,1.045838,0.985101,1.040722,1.038874,1.038827,1.046873,1.035361,1.048348,1.045815,1.034523,1.025052,1.013371,0.975831,0.972250,0.979526,0.985285,1.007750,1.043176,0.998909,0.979272,1.030915
8.513260,1.046050,1.045023,1.040899,1.029109,1.033879,1.034693,1.033123,1.032815,1.043965,1.035073,1.034273,1.025679,1.034389,1.034984,1.040326,1.044268,1.044971,1.043494,1.045830,0.985094,1.040713,1.038862,1.038817,1.046866,1.035338,1.048334,1.045805,1.034509,1.025038,1.013406,0.975829,0.972249,0.979518,0.985278,1.007734,1.043166,0.998881,0.979258,1.030916
8.521590,1.046058,1.045041,1.040905,1.029110,1.033879,1.034693,1.033123,1.032815,1.043966,1.035072,1.034273,1.025679,1.034388,1.034983,1.040322,1.044262,1.044967,1.043494,1.045823,0.985087,1.040704,1.038851,1.038807,1.046859,1.035316,1.048321,1.045796,1.034495,1.025025,1.013441,0.975827,0.972248,0.979511,0.985271,1.007719,1.043157,0.998853,0.979245,1.030918
8.529920,1.046066,1.045059,1.040912,1.029111,1.033879,1.034693,1.033123,1.032816,1.043967,1.035071,1.034272,1.025678,1.034387,1.034982,1.040317,1.044256,1.044963,1.043494,1.045816,0.985081,1.040696,1.038840,1.038797,1.046853,1.035295,1.048308,1.045787,1.034482,1.025012,1.013476,0.975825,0.972247,0.979504,0.985265,1.007705,1.043148,0.998826,0.979233,1.030919
8.538250,1.046074,1.045077,1.040919,1.029112,1.033879,1.034693,1.033123,1.032816,1.043968,1.035071,1.034272,1.025678,1.034387,1.034982,1.040313,1.044251,1.044959,1.043495,1.045810,0.985075,1.040688,1.038830,1.038788,1.046847,1.035274,1.048295,1.045779,1.034469,1.024999,1.013511,0.975824,0.972246,0.979497,0.985259,1.007690,1.043140,0.998798,0.979221,1.030921
8.546580,1.046082,1.045095,1.040926,1.029114,1.033880,1.034693,1.033124,1.032816,1.043970,1.035071,1.034272,1.025678,1.034387,1.034981,1.040310,1.044246,1.044956,1.043495,1.045804,0.985069,1.040681,1.038820,1.038779,1.046841,1.035253,1.048283,1.045771,1.034457,1.024987,1.013545,0.975822,0.972245,0.979490,0.985254,1.007676,1.043132,0.998772,0.979209,1.030923
8.554910,1.046090,1.045113,1.040933,1.029116,1.033880,1.034694,1.033125,1.032817,1.043971,1.035071,1.034273,1.025678,1.034387,1.034981,1.040306,1.044241,1.044953,1.043496,1.045798,0.985064,1.040674,1.038811,1.038771,1.046836,1.035232,1.048271,1.045763,1.034445,1.024975,1.013580,0.975821,0.972245,0.979484,0.985249,1.007663,1.043124,0.998745,0.979197,1.030925
8.563240,1.046098,1.045131,1.040940,1.029118,1.033881,1.034695,1.033126,1.032818,1.043973,1.035072,1.034273,1.025678,1.034387,1.034982,1.040303,1.044237,1.044950,1.043497,1.045793,0.985059,1.040667,1.038801,1.038763,1.046831,1.035212,1.048259,1.045756,1.034433,1.024963,1.013615,0.975820,0.972245,0.979479,0.985245,1.007650,1.043117,0.998719,0.979186,1.030926
8.571570,1.046106,1.045149,1.040948,1.029120,1.033883,1.034696,1.033127,1.032819,1.043974,1.035072,1.034274,1.025679,1.034388,1.034982,1.040301,1.044233,1.044948,1.043499,1.045788,0.985055,1.040660,1.038793,1.038755,1.046826,1.035192,1.048248,1.045748,1.034422,1.024952,1.013650,0.975819,0.972245,0.979473,0.985241,1.007637,1.043110,0.998693,0.979176,1.030929
8.579900,1.046114,1.045167,1.040956,1.029123,1.033884,1.034697,1.033128,1.032821,1.043976,1.035073,1.034275,1.025680,1.034388,1.034983,1.040298,1.044229,1.044946,1.043500,1.045784,0.985050,1.040654,1.038784,1.038748,1.046822,1.035172,1.048237,1.045741,1.034411,1.024941,1.013684,0.975819,0.972245,0.979468,0.985238,1.007625,1.043104,0.998667,0.979165,1.030931
8.588230,1.046123,1.045185,1.040964,1.029125,1.033886,1.034698,1.033129,1.032822,1.043978,1.035074,1.034276,1.025681,1.034389,1.034984,1.040296,1.044226,1.044944,1.043502,1.045780,0.985047,1.040649,1.038776,1.038741,1.046818,1.035153,1.048226,1.045735,1.034400,1.024930,1.013719,0.975818,0.972246,0.979464,0.985234,1.007613,1.043098,0.998642,0.979155,1.030933
8.596560,1.046131,1.045203,1.040972,1.029128,1.033887,1.034700,1.033131,1.032824,1.043980,1.035075,1.034277,1.025682,1.034391,1.034985,1.040294,1.044223,1.044943,1.043504,1.045776,0.985043,1.040643,1.038769,1.038734,1.046814,1.035134,1.048216,1.045729,1.034390,1.024920,1.013753,0.975818,0.972247,0.979460,0.985232,1.007601,1.043093,0.998617,0.979146,1.030935
8.604890,1.046140,1.045222,1.040980,1.029131,1.033889,1.034702,1.033133,1.032826,1.043982,1.035077,1.034279,1.025684,1.034392,1.034986,1.040293,1.044220,1.044941,1.043507,1.045772,0.985041,1.040638,1.038761,1.038728,1.046811,1.035115,1.048206,1.045723,1.034380,1.024911,1.013787,0.975818,0.972248,0.979456,0.985230,1.007590,1.043088,0.998592,0.979137,1.030937
8.613220,1.046148,1.045240,1.040988,1.029135,1.033892,1.034704,1.033135,1.032828,1.043985,1.035079,1.034281,1.025686,1.034394,1.034988,1.040291,1.044217,1.044940,1.043509,1.045769,0.985038,1.040634,1.038754,1.038722,1.046807,1.035096,1.048196,1.045717,1.034370,1.024901,1.013821,0.975819,0.972249,0.979452,0.985228,1.007579,1.043084,0.998568,0.979128,1.030940
8.621550,1.046157,1.045258,1.040997,1.029138,1.033894,1.034706,1.033137,1.032830,1.043987,1.035080,1.034283,1.025688,1.034396,1.034990,1.040290,1.044215,1.044940,1.043512,1.045767,0.985036,1.040629,1.038748,1.038717,1.046805,1.035078,1.048187,1.045712,1.034361,1.024892,1.013855,0.975819,0.972250,0.979449,0.985226,1.007569,1.043080,0.998544,0.979120,1.030942
8.629880,1.046166,1.045277,1.041005,1.029142,1.033897,1.034708,1.033140,1.032833,1.043990,1.035083,1.034285,1.025690,1.034398,1.034992,1.040290,1.044213,1.044939,1.043515,1.045764,0.985034,1.040625,1.038742,1.038712,1.046802,1.035061,1.048178,1.045707,1.034352,1.024884,1.013889,0.975820,0.972252,0.979446,0.985226,1.007559,1.043076,0.998520,0.979112,1.030945
8.638210,1.046174,1.045295,1.041014,1.029146,1.033899,1.034711,1.033142,1.032835,1.043992,1.035085,1.034287,1.025692,1.034400,1.034994,1.040289,1.044212,1.044939,1.043519,1.045762,0.985033,1.040622,1.038736,1.038707,1.046800,1.035043,1.048169,1.045702,1.034344,1.024875,1.013923,0.975820,0.972254,0.979443,0.985225,1.007549,1.043073,0.998496,0.979104,1.030948
8.646540,1.046183,1.045314,1.041023,1.029150,1.033902,1.034714,1.033145,1.032838,1.043995,1.035087,1.034290,1.025695,1.034403,1.034997,1.040289,1.044211,1.044939,1.043522,1.045761,0.985032,1.040618,1.038730,1.038703,1.046798,1.035026,1.048161,1.045697,1.034336,1.024867,1.013957,0.975821,0.972256,0.979441,0.985225,1.007539,1.043070,0.998473,0.979097,1.030950
8.654870,1.046192,1.045332,1.041032,1.029154,1.033906,1.034717,1.033148,1.032841,1.043998,1.035090,1.034293,1.025697,1.034405,1.034999,1.040289,1.044210,1.044940,1.043526,1.045760,0.985031,1.040615,1.038725,1.038699,1.046797,1.035009,1.048153,1.045693,1.034328,1.024860,1.013990,0.975823,0.972258,0.979439,0.985225,1.007530,1.043068,0.998450,0.979090,1.030953
8.663200,1.046201,1.045351,1.041041,1.029158,1.033909,1.034720,1.033151,1.032844,1.044001,1.035093,1.034296,1.025700,1.034408,1.035002,1.040290,1.044209,1.044940,1.043530,1.045759,0.985031,1.040613,1.038720,1.038696,1.046796,1.034992,1.048145,1.045689,1.034320,1.024853,1.014023,0.975824,0.972260,0.979438,0.985226,1.007522,1.043066,0.998428,0.979083,1.030956
8.671530,1.046210,1.045369,1.041051,1.029163,1.033912,1.034723,1.033155,1.032848,1.044004,1.035096,1.034299,1.025703,1.034411,1.035006,1.040290,1.044209,1.044941,1.043534,1.045758,0.985031,1.040610,1.038716,1.038692,1.046795,1.034976,1.048138,1.045686,1.034313,1.024846,1.014057,0.975826,0.972263,0.979437,0.985227,1.007513,1.043065,0.998405,0.979077,1.030959
8.679860,1.046219,1.045388,1.041060,1.029168,1.033916,1.034727,1.033158,1.032851,1.044007,1.035099,1.034302,1.025707,1.034415,1.035009,1.040291,1.044209,1.044942,1.043538,1.045758,0.985031,1.040608,1.038712,1.038690,1.046794,1.034960,1.048130,1.045682,1.034306,1.024839,1.014090,0.975827,0.972265,0.979436,0.985228,1.007505,1.043063,0.998383,0.979071,1.030961
8.688190,1.046228,1.045406,1.041070,1.029173,1.033920,1.034730,1.033162,1.032855,1.044010,1.035103,1.034306,1.025710,1.034418,1.035012,1.040292,1.044209,1.044944,1.043543,1.045758,0.985032,1.040607,1.038708,1.038687,1.046794,1.034944,1.048124,1.045679,1.034300,1.024833,1.014123,0.975829,0.972268,0.979435,0.985230,1.007498,1.043063,0.998361,0.979065,1.030964
8.696520,1.046237,1.045425,1.041080,1.029178,1.033924,1.034734,1.033166,1.032859,1.044014,1.035107,1.034309,1.025714,1.034422,1.035016,1.040294,1.044209,1.044945,1.043547,1.045759,0.985033,1.040605,1.038705,1.038685,1.046794,1.034929,1.048117,1.045677,1.034294,1.024827,1.014155,0.975831,0.972271,0.979435,0.985232,1.007491,1.043062,0.998340,0.979060,1.030967
8.704850,1.046246,1.045443,1.041089,1.029183,1.033928,1.034738,1.033170,1.032863,1.044017,1.035110,1.034313,1.025718,1.034426,1.035020,1.040296,1.044210,1.044947,1.043552,1.045759,0.985034,1.040604,1.038702,1.038683,1.046794,1.034914,1.048111,1.045674,1.034288,1.024822,1.014188,0.975833,0.972274,0.979435,0.985235,1.007484,1.043062,0.998318,0.979055,1.030970
8.713180,1.046255,1.045462,1.041099,1.029189,1.033932,1.034742,1.033174,1.032867,1.044021,1.035114,1.034317,1.025722,1.034430,1.035024,1.040297,1.044211,1.044949,1.043557,1.045760,0.985036,1.040603,1.038699,1.038681,1.046795,1.034899,1.048105,1.045672,1.034282,1.024816,1.014220,0.975836,0.972278,0.979435,0.985238,1.007477,1.043063,0.998297,0.979051,1.030973
8.721510,1.046264,1.045480,1.041109,1.029194,1.033937,1.034746,1.033178,1.032871,1.044024,1.035118,1.034322,1.025726,1.034434,1.035028,1.040300,1.044212,1.044951,1.043562,1.045762,0.985038,1.040602,1.038696,1.038680,1.046796,1.034884,1.048099,1.045670,1.034277,1.024811,1.014252,0.975838,0.972281,0.979436,0.985241,1.007471,1.043064,0.998277,0.979046,1.030976
8.729840,1.046273,1.045499,1.041119,1.029200,1.033941,1.034751,1.033182,1.032875,1.044028,1.035123,1.034326,1.025730,1.034438,1.035033,1.040302,1.044214,1.044954,1.043568,1.045764,0.985041,1.040602,1.038694,1.038679,1.046797,1.034870,1.048093,1.045668,1.034272,1.024807,1.014284,0.975841,0.972285,0.979437,0.985245,1.007465,1.043065,0.998256,0.979042,1.030979
8.738170,1.046282,1.045517,1.041130,1.029206,1.033946,1.034755,1.033187,1.032880,1.044031,1.035127,1.034330,1.025735,1.034443,1.035037,1.040305,1.044216,1.044957,1.043573,1.045766,0.985043,1.040602,1.038692,1.038679,1.046798,1.034856,1.048088,1.045666,1.034268,1.024802,1.014316,0.975844,0.972289,0.979438,0.985249,1.007459,1.043066,0.998236,0.979039,1.030983
8.746500,1.046291,1.045535,1.041140,1.029212,1.033951,1.034760,1.033191,1.032884,1.044035,1.035132,1.034335,1.025739,1.034447,1.035042,1.040307,1.044218,1.044959,1.043579,1.045768,0.985046,1.040602,1.038691,1.038678,1.046800,1.034842,1.048083,1.045665,1.034263,1.024798,1.014348,0.975846,0.972293,0.979440,0.985253,1.007453,1.043068,0.998216,0.979036,1.030986
8.754830,1.046300,1.045554,1.041150,1.029218,1.033956,1.034765,1.033196,1.032889,1.044039,1.035137,1.034340,1.025744,1.034452,1.035047,1.040310,1.044220,1.044963,1.043585,1.045771,0.985050,1.040603,1.038689,1.038678,1.046802,1.034829,1.048078,1.045664,1.034259,1.024795,1.014379,0.975849,0.972297,0.979441,0.985258,1.007448,1.043070,0.998196,0.979033,1.030989
8.763160,1.046309,1.045572,1.041161,1.029224,1.033961,1.034770,1.033201,1.032894,1.044043,1.035141,1.034345,1.025749,1.034457,1.035052,1.040314,1.044222,1.044966,1.043591,1.045773,0.985053,1.040604,1.038688,1.038679,1.046804,1.034815,1.048074,1.045663,1.034256,1.024791,1.014410,0.975853,0.972301,0.979443,0.985263,1.007444,1.043072,0.998177,0.979030,1.030992
8.771490,1.046318,1.045590,1.041171,1.029230,1.033966,1.034775,1.033206,1.032899,1.044047,1.035146,1.034350,1.025754,1.034462,1.035057,1.040317,1.044225,1.044969,1.043597,1.045777,0.985057,1.040605,1.038688,1.038679,1.046806,1.034802,1.048070,1.045662,1.034252,1.024788,1.014441,0.975856,0.972305,0.979446,0.985268,1.007439,1.043075,0.998157,0.979027,1.030995
8.779820,1.046327,1.045608,1.041182,1.029237,1.033972,1.034780,1.033211,1.032904,1.044051,1.035152,1.034355,1.025759,1.034467,1.035062,1.040321,1.044228,1.044973,1.043603,1.045780,0.985061,1.040606,1.038687,1.038680,1.046809,1.034789,1.048065,1.045662,1.034249,1.024785,1.014472,0.975859,0.972310,0.979448,0.985274,1.007435,1.043078,0.998138,0.979025,1.030998
8.788150,1.046336,1.045626,1.041192,1.029243,1.033977,1.034785,1.033216,1.032909,1.044055,1.035157,1.034360,1.025765,1.034473,1.035068,1.040325,1.044231,1.044977,1.043610,1.045784,0.985066,1.040608,1.038687,1.038681,1.046812,1.034777,1.048062,1.045662,1.034246,1.024782,1.014502,0.975863,0.972314,0.979451,0.985279,1.007431,1.043082,0.998119,0.979023,1.031002
8.796480,1.046345,1.045644,1.041203,1.029250,1.033982,1.034791,1.033221,1.032914,1.044059,1.035162,1.034365,1.025770,1.034478,1.035073,1.040329,1.044235,1.044981,1.043616,1.045788,0.985071,1.040609,1.038687,1.038682,1.046815,1.034764,1.048058,1.045661,1.034243,1.024780,1.014533,0.975866,0.972319,0.979454,0.985286,1.007427,1.043085,0.998101,0.979022,1.031005
8.804810,1.046354,1.045662,1.041214,1.029257,1.033988,1.034796,1.033227,1.032919,1.044063,1.035168,1.034371,1.025776,1.034484,1.035079,1.040333,1.044238,1.044985,1.043623,1.045792,0.985076,1.040611,1.038687,1.038684,1.046818,1.034752,1.048055,1.045662,1.034241,1.024778,1.014563,0.975870,0.972324,0.979457,0.985292,1.007424,1.043089,0.998082,0.979020,1.031008
8.813140,1.046363,1.045680,1.041224,1.029264,1.033994,1.034802,1.033232,1.032925,1.044067,1.035173,1.034376,1.025781,1.034489,1.035085,1.040337,1.044242,1.044990,1.043630,1.045796,0.985081,1.040613,1.038688,1.038686,1.046821,1.034740,1.048052,1.045662,1.034238,1.024776,1.014592,0.975874,0.972329,0.979461,0.985299,1.007421,1.043094,0.998064,0.979019,1.031011
8.821470,1.046372,1.045698,1.041235,1.029271,1.034000,1.034807,1.033238,1.032930,1.044071,1.035179,1.034382,1.025787,1.034495,1.035091,1.040342,1.044246,1.044994,1.043637,1.045801,0.985086,1.040616,1.038689,1.038688,1.046825,1.034728,1.048049,1.045662,1.034236,1.024775,1.014622,0.975878,0.972334,0.979465,0.985306,1.007418,1.043098,0.998046,0.979019,1.031014
8.829800,1.046381,1.045715,1.041246,1.029278,1.034006,1.034813,1.033244,1.032936,1.044076,1.035185,1.034388,1.025793,1.034501,1.035097,1.040346,1.044250,1.044999,1.043644,1.045806,0.985092,1.040619,1.038690,1.038690,1.046829,1.034717,1.048046,1.045663,1.034235,1.024773,1.014651,0.975882,0.972339,0.979469,0.985314,1.007415,1.043103,0.998028,0.979018,1.031017
8.838130,1.046390,1.045733,1.041257,1.029285,1.034012,1.034819,1.033249,1.032942,1.044080,1.035191,1.034394,1.025799,1.034507,1.035103,1.040351,1.044254,1.045004,1.043651,1.045811,0.985098,1.040621,1.038691,1.038693,1.046833,1.034705,1.048043,1.045664,1.034233,1.024772,1.014680,0.975886,0.972344,0.979473,0.985321,1.007413,1.043108,0.998011,0.979018,1.031021
8.846460,1.046398,1.045750,1.041268,1.029292,1.034018,1.034825,1.033255,1.032947,1.044084,1.035197,1.034400,1.025805,1.034513,1.035109,1.040356,1.044259,1.045009,1.043658,1.045817,0.985105,1.040624,1.038693,1.038696,1.046837,1.034694,1.048041,1.045665,1.034232,1.024771,1.014708,0.975890,0.972349,0.979478,0.985329,1.007411,1.043114,0.997993,0.979018,1.031024
8.854790,1.046407,1.045768,1.041279,1.029299,1.034024,1.034831,1.033261,1.032953,1.044088,1.035203,1.034406,1.025811,1.034519,1.035116,1.040362,1.044264,1.045014,1.043665,1.045823,0.985111,1.040628,1.038694,1.038699,1.046841,1.034683,1.048039,1.045666,1.034231,1.024771,1.014737,0.975895,0.972355,0.979482,0.985338,1.007409,1.043119,0.997976,0.979018,1.031027
8.863120,1.046416,1.045785,1.041289,1.029307,1.034030,1.034837,1.033267,1.032959,1.044093,1.035209,1.034412,1.025817,1.034525,1.035122,1.040367,1.044269,1.045019,1.043673,1.045828,0.985118,1.040631,1.038696,1.038702,1.046846,1.034672,1.048037,1.045668,1.034230,1.024770,1.014765,0.975899,0.972360,0.979487,0.985346,1.007407,1.043125,0.997959,0.979018,1.031030
8.871450,1.046424,1.045802,1.041300,1.029314,1.034036,1.034843,1.033273,1.032965,1.044097,1.035215,1.034418,1.025823,1.034532,1.035129,1.040373,1.044274,1.045024,1.043680,1.045835,0.985125,1.040635,1.038699,1.038706,1.046851,1.034662,1.048035,1.045669,1.034229,1.024770,1.014792,0.975903,0.972366,0.979492,0.985355,1.007406,1.043132,0.997942,0.979019,1.031033
8.879780,1.046433,1.045819,1.041311,1.029322,1.034043,1.034849,1.033279,1.032971,1.044101,1.035222,1.034425,1.025830,1.034538,1.035136,1.040378,1.044279,1.045030,1.043688,1.045841,0.985132,1.040639,1.038701,1.038710,1.046856,1.034651,1.048034,1.045671,1.034229,1.024770,1.014820,0.975908,0.972371,0.979498,0.985364,1.007405,1.043138,0.997925,0.979020,1.031036
8.888110,1.046442,1.045836,1.041322,1.029329,1.034049,1.034856,1.033285,1.032977,1.044106,1.035228,1.034431,1.025836,1.034545,1.035142,1.040384,1.044284,1.045035,1.043696,1.045847,0.985140,1.040643,1.038704,1.038713,1.046861,1.034641,1.048032,1.045673,1.034229,1.024770,1.014847,0.975912,0.972377,0.979503,0.985373,1.007404,1.043145,0.997909,0.979021,1.031039
8.896440,1.046450,1.045852,1.041333,1.029337,1.034056,1.034862,1.033291,1.032983,1.044110,1.035234,1.034437,1.025843,1.034551,1.035149,1.040390,1.044290,1.045041,1.043703,1.045854,0.985147,1.040647,1.038706,1.038718,1.046866,1.034631,1.048031,1.045675,1.034229,1.024771,1.014874,0.975917,0.972383,0.979509,0.985383,1.007403,1.043152,0.997893,0.979023,1.031042
8.904770,1.046458,1.045869,1.041344,1.029344,1.034062,1.034868,1.033297,1.032989,1.044114,1.035241,1.034444,1.025849,1.034558,1.035156,1.040396,1.044295,1.045047,1.043711,1.045861,0.985155,1.040651,1.038709,1.038722,1.046872,1.034621,1.048030,1.045677,1.034229,1.024771,1.014900,0.975922,0.972389,0.979515,0.985392,1.007403,1.043159,0.997876,0.979024,1.031045
8.913100,1.046467,1.045885,1.041355,1.029352,1.034069,1.034875,1.033304,1.032995,1.044119,1.035247,1.034450,1.025856,1.034564,1.035163,1.040402,1.044301,1.045053,1.043719,1.045868,0.985163,1.040656,1.038713,1.038726,1.046877,1.034611,1.048029,1.045679,1.034229,1.024772,1.014926,0.975926,0.972394,0.979521,0.985402,1.007402,1.043166,0.997860,0.979026,1.031048
8.921430,1.046475,1.045902,1.041365,1.029360,1.034075,1.034881,1.033310,1.033002,1.044123,1.035254,1.034457,1.025863,1.034571,1.035170,1.040408,1.044307,1.045059,1.043727,1.045875,0.985172,1.040660,1.038716,1.038731,1.046883,1.034601,1.048028,1.045681,1.034230,1.024773,1.014952,0.975931,0.972400,0.979528,0.985413,1.007402,1.043174,0.997844,0.979028,1.031051
8.929760,1.046483,1.045918,1.041376,1.029367,1.034082,1.034888,1.033316,1.033008,1.044127,1.035261,1.034464,1.025869,1.034578,1.035177,1.040415,1.044313,1.045065,1.043735,1.045883,0.985180,1.040665,1.038720,1.038736,1.046889,1.034592,1.048027,1.045684,1.034230,1.024774,1.014978,0.975936,0.972406,0.979534,0.985423,1.007402,1.043181,0.997829,0.979030,1.031054
8.938090,1.046491,1.045934,1.041387,1.029375,1.034089,1.034894,1.033323,1.033014,1.044132,1.035268,1.034470,1.025876,1.034585,1.035184,1.040421,1.044319,1.045071,1.043743,1.045891,0.985189,1.040670,1.038723,1.038741,1.046895,1.034583,1.048027,1.045686,1.034231,1.024776,1.015003,0.975941,0.972412,0.979541,0.985434,1.007402,1.043189,0.997813,0.979032,1.031057
8.946420,1.046499,1.045950,1.041398,1.029383,1.034095,1.034901,1.033329,1.033020,1.044136,1.035274,1.034477,1.025883,1.034592,1.035191,1.040428,1.044326,1.045078,1.043751,1.045898,0.985198,1.040675,1.038727,1.038746,1.046901,1.034573,1.048026,1.045689,1.034232,1.024777,1.015028,0.975946,0.972418,0.979548,0.985444,1.007403,1.043197,0.997798,0.979035,1.031060
8.954750,1.046507,1.045965,1.041408,1.029391,1.034102,1.034907,1.033335,1.033027,1.044140,1.035281,1.034484,1.025890,1.034599,1.035198,1.040434,1.044332,1.045084,1.043759,1.045906,0.985207,1.040681,1.038731,1.038752,1.046907,1.034564,1.048026,1.045692,1.034234,1.024779,1.015052,0.975951,0.972424,0.979555,0.985455,1.007404,1.043206,0.997782,0.979038,1.031063
8.963080,1.046515,1.045981,1.041419,1.029398,1.034109,1.034914,1.033342,1.033033,1.044145,1.035288,1.034490,1.025896,1.034606,1.035206,1.040441,1.044339,1.045091,1.043767,1.045915,0.985216,1.040686,1.038735,1.038757,1.046914,1.034555,1.048026,1.045695,1.034235,1.024781,1.015076,0.975956,0.972431,0.979562,0.985467,1.007404,1.043214,0.997767,0.979041,1.031066
8.971410,1.046523,1.045996,1.041430,1.029406,1.034116,1.034921,1.033348,1.033039,1.044149,1.035295,1.034497,1.025903,1.034613,1.035213,1.040448,1.044345,1.045097,1.043775,1.045923,0.985225,1.040692,1.038740,1.038763,1.046920,1.034547,1.048026,1.045698,1.034237,1.024783,1.015100,0.975961,0.972437,0.979569,0.985478,1.007405,1.043223,0.997752,0.979044,1.031068
8.979740,1.046530,1.046011,1.041440,1.029414,1.034122,1.034927,1.033355,1.033046,1.044153,1.035302,1.034504,1.025910,1.034620,1.035220,1.040455,1.044352,1.045104,1.043783,1.045931,0.985235,1.040697,1.038744,1.038769,1.046927,1.034538,1.048026,1.045701,1.034238,1.024785,1.015124,0.975966,0.972443,0.979577,0.985490,1.007407,1.043232,0.997737,0.979047,1.031071
8.988070,1.046538,1.046026,1.041451,1.029422,1.034129,1.034934,1.033361,1.033052,1.044157,1.035309,1.034511,1.025917,1.034627,1.035228,1.040462,1.044359,1.045110,1.043791,1.045940,0.985245,1.040703,1.038749,1.038775,1.046933,1.034529,1.048026,1.045704,1.034240,1.024788,1.015147,0.975971,0.972449,0.979584,0.985502,1.007408,1.043241,0.997722,0.979050,1.031074
8.996400,1.046546,1.046041,1.041461,1.029430,1.034136,1.034941,1.033368,1.033058,1.044162,1.035316,1.034518,1.025924,1.034634,1.035235,1.040469,1.044366,1.045117,1.043799,1.045949,0.985255,1.040709,1.038754,1.038781,1.046940,1.034521,1.048027,1.045707,1.034242,1.024790,1.015170,0.975976,0.972455,0.979592,0.985514,1.007409,1.043250,0.997708,0.979054,1.031076
9.004730,1.046553,1.046056,1.041472,1.029438,1.034143,1.034947,1.033374,1.033065,1.044166,1.035323,1.034525,1.025931,1.034641,1.035242,1.040476,1.044373,1.045124,1.043807,1.045958,0.985265,1.040715,1.038759,1.038787,1.046947,1.034513,1.048027,1.045711,1.034244,1.024793,1.015192,0.975981,0.972462,0.979600,0.985526,1.007411,1.043260,0.997693,0.979058,1.031079
9.013060,1.046560,1.046070,1.041482,1.029446,1.034150,1.034954,1.033381,1.033071,1.044170,1.035329,1.034532,1.025938,1.034648,1.035250,1.040483,1.044380,1.045131,1.043816,1.045967,0.985275,1.040721,1.038764,1.038794,1.046954,1.034504,1.048028,1.045714,1.034246,1.024796,1.015214,0.975986,0.972468,0.979608,0.985538,1.007413,1.043269,0.997678,0.979062,1.031081
9.021390,1.046567,1.046084,1.041492,1.029453,1.034156,1.034961,1.033387,1.033078,1.044174,1.035336,1.034538,1.025945,1.034655,1.035257,1.040491,1.044387,1.045138,1.043824,1.045976,0.985285,1.040728,1.038769,1.038800,1.046961,1.034496,1.048028,1.045718,1.034249,1.024799,1.015236,0.975991,0.972474,0.979616,0.985551,1.007415,1.043279,0.997664,0.979066,1.031084
9.029720,1.046575,1.046098,1.041502,1.029461,1.034163,1.034968,1.033394,1.033084,1.044178,1.035343,1.034545,1.025952,1.034662,1.035265,1.040498,1.044395,1.045145,1.043832,1.045985,0.985296,1.040734,1.038775,1.038807,1.046968,1.034488,1.048029,1.045721,1.034251,1.024802,1.015257,0.975997,0.972481,0.979625,0.985563,1.007417,1.043289,0.997650,0.979070,1.031086
9.038050,1.046582,1.046112,1.041513,1.029469,1.034170,1.034974,1.033400,1.033090,1.044182,1.035350,1.034552,1.025959,1.034669,1.035272,1.040506,1.044402,1.045152,1.043840,1.045995,0.985306,1.040741,1.038780,1.038814,1.046976,1.034480,1.048030,1.045725,1.034254,1.024805,1.015278,0.976002,0.972487,0.979633,0.985576,1.007419,1.043299,0.997636,0.979074,1.031089
9.046380,1.046588,1.046126,1.041523,1.029477,1.034177,1.034981,1.033406,1.033097,1.044186,1.035357,1.034559,1.025966,1.034676,1.035280,1.040513,1.044409,1.045159,1.043848,1.046004,0.985317,1.040747,1.038786,1.038821,1.046983,1.034473,1.048031,1.045729,1.034257,1.024808,1.015299,0.976007,0.972493,0.979642,0.985589,1.007422,1.043309,0.997622,0.979079,1.031091
9.054710,1.046595,1.046139,1.041533,1.029485,1.034184,1.034988,1.033413,1.033103,1.044190,1.035364,1.034566,1.025973,1.034684,1.035287,1.040521,1.044417,1.045166,1.043857,1.046014,0.985328,1.040754,1.038792,1.038828,1.046991,1.034465,1.048032,1.045733,1.034260,1.024812,1.015319,0.976012,0.972500,0.979650,0.985602,1.007425,1.043319,0.997608,0.979084,1.031093
9.063040,1.046602,1.046153,1.041543,1.029493,1.034190,1.034994,1.033419,1.033109,1.044194,1.035371,1.034573,1.025980,1.034691,1.035295,1.040528,1.044425,1.045173,1.043865,1.046024,0.985339,1.040761,1.038797,1.038835,1.046998,1.034457,1.048033,1.045737,1.034263,1.024816,1.015339,0.976017,0.972506,0.979659,0.985616,1.007427,1.043330,0.997594,0.979088,1.031095
9.071370,1.046609,1.046166,1.041552,1.029500,1.034197,1.035001,1.033426,1.033116,1.044198,1.035378,1.034580,1.025987,1.034698,1.035302,1.040536,1.044432,1.045180,1.043873,1.046034,0.985350,1.040767,1.038803,1.038842,1.047006,1.034450,1.048034,1.045740,1.034266,1.024819,1.015358,0.976022,0.972512,0.979668,0.985629,1.007430,1.043341,0.997580,0.979093,1.031097
9.079700,1.046615,1.046179,1.041562,1.029508,1.034204,1.035008,1.033432,1.033122,1.044202,1.035385,1.034587,1.025994,1.034705,1.035310,1.040544,1.044440,1.045187,1.043881,1.046044,0.985362,1.040774,1.038810,1.038850,1.047014,1.034442,1.048035,1.045744,1.034269,1.024823,1.015377,0.976028,0.972519,0.979677,0.985643,1.007433,1.043351,0.997566,0.979099,1.031099
9.088030,1.046621,1.046191,1.041572,1.029516,1.034211,1.035014,1.033439,1.033128,1.044205,1.035392,1.034594,1.026001,1.034712,1.035317,1.040551,1.044448,1.045195,1.043889,1.046054,0.985373,1.040781,1.038816,1.038857,1.047021,1.034435,1.048037,1.045749,1.034272,1.024827,1.015396,0.976033,0.972525,0.979687,0.985656,1.007436,1.043362,0.997553,0.979104,1.031102
9.096360,1.046628,1.046204,1.041581,1.029524,1.034217,1.035021,1.033445,1.033134,1.044209,1.035399,1.034601,1.026008,1.034719,1.035325,1.040559,1.044456,1.045202,1.043897,1.046064,0.985385,1.040789,1.038822,1.038865,1.047029,1.034428,1.048038,1.045753,1.034276,1.024831,1.015414,0.976038,0.972531,0.979696,0.985670,1.007440,1.043373,0.997539,0.979109,1.031103
9.104690,1.046634,1.046216,1.041591,1.029531,1.034224,1.035028,1.033451,1.033141,1.044213,1.035406,1.034607,1.026015,1.034726,1.035332,1.040567,1.044464,1.045209,1.043906,1.046074,0.985396,1.040796,1.038829,1.038873,1.047037,1.034420,1.048040,1.045757,1.034280,1.024836,1.015432,0.976043,0.972538,0.979705,0.985684,1.007443,1.043384,0.997526,0.979115,1.031105
9.113020,1.046640,1.046228,1.041600,1.029539,1.034231,1.035034,1.033458,1.033147,1.044216,1.035413,1.034614,1.026022,1.034733,1.035340,1.040575,1.044472,1.045217,1.043914,1.046085,0.985408,1.040803,1.038835,1.038881,1.047045,1.034413,1.048041,1.045761,1.034283,1.024840,1.015449,0.976048,0.972544,0.979715,0.985698,1.007446,1.043396,0.997513,0.979120,1.031107
9.121350,1.046646,1.046240,1.041610,1.029546,1.034237,1.035041,1.033464,1.033153,1.044220,1.035420,1.034621,1.026029,1.034740,1.035347,1.040583,1.044480,1.045224,1.043922,1.046095,0.985420,1.040810,1.038842,1.038889,1.047053,1.034406,1.048043,1.045765,1.034287,1.024844,1.015467,0.976053,0.972550,0.979725,0.985713,1.007450,1.043407,0.997499,0.979126,1.031109
9.129680,1.046651,1.046252,1.041619,1.029554,1.034244,1.035047,1.033470,1.033159,1.044224,1.035427,1.034628,1.026036,1.034747,1.035354,1.040591,1.044488,1.045231,1.043930,1.046106,0.985432,1.040818,1.038848,1.038897,1.047061,1.034399,1.048045,1.045770,1.034291,1.024849,1.015483,0.976059,0.972556,0.979734,0.985727,1.007454,1.043418,0.997486,0.979132,1.031111
9.138010,1.046657,1.046263,1.041628,1.029561,1.034251,1.035054,1.033476,1.033165,1.044227,1.035434,1.034635,1.026043,1.034755,1.035362,1.040599,1.044496,1.045239,1.043938,1.046117,0.985444,1.040825,1.038855,1.038905,1.047069,1.034392,1.048046,1.045774,1.034295,1.024854,1.015500,0.976064,0.972563,0.979744,0.985742,1.007458,1.043430,0.997473,0.979138,1.031112
9.146340,1.046663,1.046274,1.041637,1.029569,1.034257,1.035060,1.033483,1.033171,1.044231,1.035441,1.034641,1.026050,1.034762,1.035369,1.040607,1.044504,1.045246,1.043946,1.046128,0.985456,1.040833,1.038862,1.038913,1.047077,1.034386,1.048048,1.045778,1.034299,1.024858,1.015516,0.976069,0.972569,0.979754,0.985756,1.007462,1.043442,0.997460,0.979144,1.031114
9.154670,1.046668,1.046285,1.041646,1.029576,1.034264,1.035067,1.033489,1.033177,1.044234,1.035448,1.034648,1.026057,1.034769,1.035377,1.040615,1.044512,1.045253,1.043954,1.046139,0.985469,1.040841,1.038869,1.038921,1.047086,1.034379,1.048050,1.045783,1.034303,1.024863,1.015531,0.976074,0.972575,0.979764,0.985771,1.007466,1.043454,0.997447,0.979150,1.031115
9.163000,1.046673,1.046296,1.041655,1.029584,1.034270,1.035073,1.033495,1.033183,1.044237,1.035455,1.034655,1.026064,1.034775,1.035384,1.040623,1.044520,1.045261,1.043962,1.046150,0.985481,1.040848,1.038876,1.038930,1.047094,1.034372,1.048052,1.045787,1.034307,1.024868,1.015546,0.976079,0.972581,0.979775,0.985786,1.007470,1.043465,0.997434,0.979157,1.031117
9.171330,1.046678,1.046307,1.041663,1.029591,1.034277,1.035079,1.033501,1.033189,1.044241,1.035461,1.034661,1.026071,1.034782,1.035391,1.040631,1.044529,1.045268,1.043970,1.046161,0.985493,1.040856,1.038883,1.038938,1.047102,1.034366,1.048054,1.045792,1.034312,1.024873,1.015561,0.976084,0.972588,0.979785,0.985801,1.007474,1.043478,0.997421,0.979163,1.031118
9.179660,1.046683,1.046317,1.041672,1.029598,1.034283,1.035086,1.033507,1.033195,1.044244,1.035468,1.034668,1.026077,1.034789,1.035399,1.040639,1.044537,1.045275,1.043978,1.046172,0.985506,1.040864,1.038891,1.038947,1.047111,1.034359,1.048056,1.045796,1.034316,1.024879,1.015576,0.976089,0.972594,0.979795,0.985816,1.007479,1.043490,0.997409,0.979170,1.031119
9.187990,1.046688,1.046327,1.041680,1.029606,1.034289,1.035092,1.033513,1.033201,1.044247,1.035475,1.034674,1.026084,1.034796,1.035406,1.040647,1.044545,1.045283,1.043985,1.046183,0.985519,1.040872,1.038898,1.038955,1.047119,1.034353,1.048058,1.045801,1.034321,1.024884,1.015590,0.976094,0.972600,0.979806,0.985831,1.007483,1.043502,0.997396,0.979177,1.031121
9.196320,1.046693,1.046337,1.041689,1.029613,1.034296,1.035098,1.033519,1.033207,1.044250,1.035481,1.034681,1.026091,1.034803,1.035413,1.040655,1.044554,1.045290,1.043993,1.046195,0.985531,1.040880,1.038905,1.038964,1.047128,1.034346,1.048061,1.045805,1.034325,1.024889,1.015603,0.976099,0.972606,0.979816,0.985847,1.007488,1.043514,0.997384,0.979183,1.031122
9.204650,1.046698,1.046347,1.041697,1.029620,1.034302,1.035104,1.033525,1.033213,1.044253,1.035488,1.034687,1.026097,1.034810,1.035420,1.040663,1.044562,1.045298,1.044001,1.046206,0.985544,1.040888,1.038913,1.038973,1.047136,1.034340,1.048063,1.045810,1.034330,1.024895,1.015616,0.976104,0.972612,0.979827,0.985862,1.007493,1.043527,0.997371,0.979190,1.031123
9.212980,1.046702,1.046356,1.041705,1.029627,1.034308,1.035110,1.033531,1.033218,1.044256,1.035495,1.034694,1.026104,1.034817,1.035428,1.040671,1.044571,1.045305,1.044009,1.046217,0.985557,1.040896,1.038920,1.038981,1.047145,1.034334,1.048065,1.045815,1.034335,1.024900,1.015629,0.976109,0.972618,0.979838,0.985878,1.007497,1.043539,0.997359,0.979197,1.031124
9.221310,1.046707,1.046366,1.041713,1.029634,1.034314,1.035117,1.033536,1.033224,1.044259,1.035501,1.034700,1.026111,1.034823,1.035435,1.040679,1.044579,1.045312,1.044016,1.046229,0.985570,1.040904,1.038928,1.038990,1.047153,1.034327,1.048067,1.045819,1.034340,1.024906,1.015642,0.976114,0.972624,0.979848,0.985893,1.007502,1.043552,0.997346,0.979204,1.031125
9.229640,1.046711,1.046375,1.041721,1.029641,1.034320,1.035123,1.033542,1.033230,1.044262,1.035508,1.034707,1.026117,1.034830,1.035442,1.040687,1.044588,1.045320,1.044024,1.046241,0.985583,1.040912,1.038936,1.038999,1.047162,1.034321,1.048070,1.045824,1.034344,1.024912,1.015654,0.976118,0.972630,0.979859,0.985909,1.007507,1.043564,0.997334,0.979212,1.031126
9.237970,1.046715,1.046383,1.041729,1.029648,1.034326,1.035129,1.033548,1.033235,1.044265,1.035514,1.034713,1.026124,1.034837,1.035449,1.040696,1.044596,1.045327,1.044031,1.046252,0.985597,1.040920,1.038943,1.039008,1.047170,1.034315,1.048072,1.045829,1.034349,1.024917,1.015665,0.976123,0.972636,0.979870,0.985925,1.007512,1.043577,0.997322,0.979219,1.031127
9.246300,1.046719,1.046392,1.041737,1.029655,1.034332,1.035135,1.033554,1.033241,1.044267,1.035521,1.034719,1.026130,1.034843,1.035456,1.040704,1.044605,1.045334,1.044039,1.046264,0.985610,1.040928,1.038951,1.039017,1.047179,1.034309,1.048075,1.045833,1.034355,1.024923,1.015677,0.976128,0.972642,0.979881,0.985941,1.007517,1.043590,0.997309,0.979226,1.031128
9.254630,1.046723,1.046400,1.041744,1.029661,1.034338,1.035140,1.033559,1.033246,1.044270,1.035527,1.034725,1.026136,1.034850,1.035463,1.040712,1.044613,1.045342,1.044046,1.046276,0.985623,1.040936,1.038959,1.039026,1.047188,1.034303,1.048077,1.045838,1.034360,1.024929,1.015687,0.976133,0.972648,0.979892,0.985957,1.007523,1.043603,0.997297,0.979234,1.031128
9.262960,1.046727,1.046408,1.041752,1.029668,1.034344,1.035146,1.033565,1.033251,1.044273,1.035533,1.034732,1.026143,1.034856,1.035470,1.040720,1.044622,1.045349,1.044054,1.046288,0.985637,1.040945,1.038967,1.039036,1.047196,1.034297,1.048080,1.045843,1.034365,1.024935,1.015698,0.976137,0.972653,0.979904,0.985973,1.007528,1.043616,0.997285,0.979242,1.031129
9.271290,1.046730,1.046416,1.041759,1.029675,1.034350,1.035152,1.033570,1.033257,1.044275,1.035540,1.034738,1.026149,1.034863,1.035477,1.040728,1.044630,1.045356,1.044061,1.046300,0.985650,1.040953,1.038975,1.039045,1.047205,1.034291,1.048082,1.045847,1.034370,1.024941,1.015708,0.976142,0.972659,0.979915,0.985989,1.007533,1.043629,0.997273,0.979249,1.031129
9.279620,1.046734,1.046424,1.041766,1.029681,1.034356,1.035158,1.033576,1.033262,1.044278,1.035546,1.034744,1.026155,1.034869,1.035484,1.040736,1.044639,1.045364,1.044068,1.046312,0.985664,1.040961,1.038983,1.039054,1.047214,1.034285,1.048085,1.045852,1.034375,1.024948,1.015718,0.976147,0.972665,0.979926,0.986005,1.007539,1.043642,0.997261,0.979257,1.031130
9.287950,1.046737,1.046431,1.041774,1.029688,1.034362,1.035164,1.033581,1.033267,1.044280,1.035552,1.034750,1.026161,1.034875,1.035490,1.040744,1.044647,1.045371,1.044075,1.046324,0.985677,1.040970,1.038991,1.039064,1.047222,1.034279,1.048088,1.045857,1.034381,1.024954,1.015727,0.976151,0.972671,0.979937,0.986022,1.007544,1.043655,0.997249,0.979265,1.031130
9.296280,1.046740,1.046438,1.041781,1.029694,1.034367,1.035169,1.033586,1.033272,1.044283,1.035558,1.034756,1.026168,1.034882,1.035497,1.040752,1.044656,1.045378,1.044082,1.046336,0.985691,1.040978,1.038999,1.039073,1.047231,1.034273,1.048090,1.045862,1.034386,1.024960,1.015736,0.976156,0.972676,0.979949,0.986038,1.007550,1.043668,0.997237,0.979273,1.031131
9.304610,1.046743,1.046445,1.041787,1.029701,1.034373,1.035175,1.033592,1.033278,1.044285,1.035564,1.034762,1.026174,1.034888,1.035504,1.040760,1.044665,1.045385,1.044090,1.046348,0.985704,1.040986,1.039007,1.039082,1.047240,1.034268,1.048093,1.045866,1.034392,1.024966,1.015744,0.976160,0.972682,0.979960,0.986055,1.007556,1.043682,0.997225,0.979281,1.031131
9.312940,1.046746,1.046452,1.041794,1.029707,1.034378,1.035180,1.033597,1.033283,1.044287,1.035570,1.034768,1.026180,1.034894,1.035510,1.040768,1.044673,1.045393,1.044097,1.046360,0.985718,1.040995,1.039015,1.039092,1.047248,1.034262,1.048096,1.045871,1.034397,1.024973,1.015752,0.976164,0.972687,0.979972,0.986071,1.007562,1.043695,0.997213,0.979289,1.031131
9.321270,1.046749,1.046458,1.041801,1.029713,1.034384,1.035186,1.033602,1.033288,1.044289,1.035576,1.034773,1.026186,1.034900,1.035517,1.040776,1.044682,1.045400,1.044104,1.046372,0.985732,1.041003,1.039024,1.039101,1.047257,1.034256,1.048098,1.045876,1.034403,1.024979,1.015760,0.976169,0.972693,0.979984,0.986088,1.007567,1.043709,0.997202,0.979297,1.031131
9.329600,1.046752,1.046465,1.041807,1.029719,1.034389,1.035191,1.033607,1.033292,1.044291,1.035582,1.034779,1.026191,1.034906,1.035523,1.040784,1.044690,1.045407,1.044110,1.046384,0.985746,1.041012,1.039032,1.039111,1.047266,1.034250,1.048101,1.045881,1.034409,1.024986,1.015767,0.976173,0.972698,0.979995,0.986105,1.007573,1.043722,0.997190,0.979306,1.031132
9.337930,1.046754,1.046471,1.041813,1.029725,1.034394,1.035196,1.033612,1.033297,1.044293,1.035588,1.034785,1.026197,1.034912,1.035530,1.040792,1.044699,1.045414,1.044117,1.046397,0.985760,1.041020,1.039040,1.039120,1.047275,1.034245,1.048104,1.045886,1.034414,1.024993,1.015774,0.976177,0.972704,0.980007,0.986121,1.007579,1.043736,0.997178,0.979314,1.031132
9.346260,1.046757,1.046476,1.041820,1.029731,1.034400,1.035201,1.033617,1.033302,1.044295,1.035593,1.034790,1.026203,1.034918,1.035536,1.040800,1.044707,1.045421,1.044124,1.046409,0.985774,1.041029,1.039048,1.039130,1.047283,1.034239,1.048107,1.045890,1.034420,1.024999,1.015780,0.976182,0.972709,0.980019,0.986138,1.007585,1.043749,0.997167,0.979322,1.031132
9.354590,1.046759,1.046482,1.041826,1.029737,1.034405,1.035207,1.033622,1.033307,1.044297,1.035599,1.034796,1.026209,1.034924,1.035543,1.040808,1.044716,1.045428,1.044131,1.046421,0.985788,1.041037,1.039057,1.039140,1.047292,1.034234,1.048110,1.045895,1.034426,1.025006,1.015786,0.976186,0.972714,0.980030,0.986155,1.007591,1.043763,0.997155,0.979331,1.031131
9.362920,1.046761,1.046487,1.041832,1.029743,1.034410,1.035212,1.033626,1.033311,1.044299,1.035605,1.034801,1.026214,1.034930,1.035549,1.040816,1.044724,1.045435,1.044137,1.046434,0.985802,1.041046,1.039065,1.039149,1.047301,1.034228,1.048112,1.045900,1.034432,1.025013,1.015792,0.976190,0.972719,0.980042,0.986172,1.007597,1.043777,0.997143,0.979339,1.031131
9.371250,1.046763,1.046492,1.041837,1.029748,1.034415,1.035217,1.033631,1.033316,1.044301,1.035610,1.034807,1.026220,1.034936,1.035555,1.040824,1.044733,1.045442,1.044144,1.046446,0.985816,1.041054,1.039074,1.039159,1.047310,1.034223,1.048115,1.045904,1.034438,1.025020,1.015797,0.976194,0.972724,0.980054,0.986189,1.007603,1.043790,0.997132,0.979348,1.031131
9.379580,1.046765,1.046497,1.041843,1.029754,1.034420,1.035222,1.033636,1.033320,1.044302,1.035616,1.034812,1.026225,1.034941,1.035561,1.040832,1.044741,1.045449,1.044150,1.046458,0.985830,1.041063,1.039082,1.039169,1.047318,1.034217,1.048118,1.045909,1.034444,1.025027,1.015802,0.976198,0.972729,0.980066,0.986206,1.007610,1.043804,0.997120,0.979357,1.031131
9.387910,1.046767,1.046501,1.041848,1.029760,1.034425,1.035226,1.033640,1.033325,1.044304,1.035621,1.034817,1.026231,1.034947,1.035567,1.040840,1.044750,1.045456,1.044156,1.046471,0.985844,1.041071,1.039091,1.039178,1.047327,1.034212,1.048121,1.045914,1.034450,1.025033,1.015806,0.976202,0.972734,0.980078,0.986223,1.007616,1.043818,0.997109,0.979366,1.031130
9.396240,1.046768,1.046506,1.041854,1.029765,1.034430,1.035231,1.033645,1.033329,1.044305,1.035626,1.034822,1.026236,1.034952,1.035573,1.040847,1.044758,1.045462,1.044163,1.046483,0.985858,1.041080,1.039099,1.039188,1.047336,1.034206,1.048124,1.045918,1.034456,1.025040,1.015810,0.976206,0.972739,0.980090,0.986240,1.007622,1.043832,0.997097,0.979374,1.031130
9.404570,1.046770,1.046510,1.041859,1.029770,1.034434,1.035236,1.033649,1.033333,1.044307,1.035632,1.034827,1.026241,1.034958,1.035579,1.040855,1.044767,1.045469,1.044169,1.046496,0.985872,1.041088,1.039107,1.039198,1.047344,1.034201,1.048127,1.045923,1.034462,1.025047,1.015814,0.976209,0.972744,0.980102,0.986257,1.007628,1.043845,0.997086,0.979383,1.031129
9.412900,1.046771,1.046513,1.041864,1.029776,1.034439,1.035240,1.033653,1.033337,1.044308,1.035637,1.034832,1.026247,1.034963,1.035585,1.040863,1.044775,1.045476,1.044175,1.046508,0.985887,1.041096,1.039116,1.039207,1.047353,1.034195,1.048129,1.045928,1.034468,1.025054,1.015817,0.976213,0.972749,0.980114,0.986274,1.007635,1.043859,0.997074,0.979392,1.031129
9.421230,1.046772,1.046517,1.041869,1.029781,1.034443,1.035245,1.033658,1.033341,1.044309,1.035642,1.034837,1.026252,1.034968,1.035591,1.040870,1.044784,1.045482,1.044181,1.046520,0.985901,1.041105,1.039124,1.039217,1.047362,1.034190,1.048132,1.045932,1.034474,1.025062,1.015819,0.976217,0.972754,0.980126,0.986292,1.007641,1.043873,0.997063,0.979401,1.031128
9.429560,1.046773,1.046520,1.041874,1.029786,1.034448,1.035249,1.033662,1.033345,1.044311,1.035647,1.034842,1.026257,1.034973,1.035596,1.040878,1.044792,1.045489,1.044187,1.046533,0.985915,1.041113,1.039133,1.039227,1.047370,1.034184,1.048135,1.045937,1.034480,1.025069,1.015822,0.976220,0.972758,0.980138,0.986309,1.007648,1.043887,0.997052,0.979410,1.031127
9.437890,1.046774,1.046523,1.041878,1.029791,1.034452,1.035254,1.033666,1.033349,1.044312,1.035652,1.034847,1.026262,1.034979,1.035602,1.040885,1.044800,1.045496,1.044192,1.046545,0.985929,1.041122,1.039141,1.039237,1.047379,1.034179,1.048138,1.045941,1.034486,1.025076,1.015824,0.976224,0.972763,0.980150,0.986326,1.007654,1.043901,0.997040,0.979419,1.031127
9.446220,1.046774,1.046526,1.041883,1.029795,1.034457,1.035258,1.033670,1.033353,1.044313,1.035657,1.034851,1.026266,1.034984,1.035607,1.040893,1.044808,1.045502,1.044198,1.046558,0.985944,1.041130,1.039150,1.039246,1.047387,1.034173,1.048141,1.045946,1.034492,1.025083,1.015825,0.976227,0.972767,0.980163,0.986343,1.007660,1.043915,0.997029,0.979428,1.031126
9.454550,1.046775,1.046528,1.041887,1.029800,1.034461,1.035262,1.033673,1.033357,1.044314,1.035661,1.034856,1.026271,1.034988,1.035613,1.040900,1.044817,1.045508,1.044204,1.046570,0.985958,1.041139,1.039158,1.039256,1.047396,1.034168,1.048144,1.045950,1.034498,1.025090,1.015826,0.976231,0.972772,0.980175,0.986361,1.007667,1.043929,0.997018,0.979438,1.031125
9.462880,1.046775,1.046530,1.041891,1.029805,1.034465,1.035266,1.033677,1.033360,1.044315,1.035666,1.034860,1.026276,1.034993,1.035618,1.040908,1.044825,1.045515,1.044209,1.046583,0.985972,1.041147,1.039167,1.039266,1.047404,1.034163,1.048146,1.045955,1.034504,1.025097,1.015827,0.976234,0.972776,0.980187,0.986378,1.007673,1.043943,0.997006,0.979447,1.031124
9.471210,1.046776,1.046532,1.041895,1.029809,1.034469,1.035270,1.033681,1.033364,1.044316,1.035671,1.034865,1.026280,1.034998,1.035623,1.040915,1.044833,1.045521,1.044214,1.046595,0.985986,1.041155,1.039175,1.039276,1.047412,1.034157,1.048149,1.045959,1.034510,1.025104,1.015827,0.976237,0.972781,0.980199,0.986395,1.007680,1.043957,0.996995,0.979456,1.031123
9.479540,1.046776,1.046534,1.041899,1.029814,1.034473,1.035274,1.033685,1.033367,1.044316,1.035675,1.034869,1.026285,1.035003,1.035628,1.040922,1.044841,1.045527,1.044220,1.046608,0.986001,1.041164,1.039184,1.039285,1.047421,1.034152,1.048152,1.045963,1.034517,1.025112,1.015827,0.976240,0.972785,0.980211,0.986412,1.007687,1.043971,0.996984,0.979465,1.031122
9.487870,1.046776,1.046535,1.041902,1.029818,1.034476,1.035278,1.033688,1.033371,1.044317,1.035679,1.034873,1.026289,1.035007,1.035633,1.040929,1.044849,1.045533,1.044225,1.046620,0.986015,1.041172,1.039192,1.039295,1.047429,1.034146,1.048155,1.045968,1.034523,1.025119,1.015826,0.976243,0.972789,0.980224,0.986430,1.007693,1.043985,0.996972,0.979474,1.031120
9.496200,1.046776,1.046537,1.041906,1.029822,1.034480,1.035282,1.033691,1.033374,1.044318,1.035684,1.034877,1.026293,1.035012,1.035638,1.040936,1.044857,1.045539,1.044230,1.046632,0.986029,1.041180,1.039201,1.039305,1.047437,1.034141,1.048157,1.045972,1.034529,1.025126,1.015825,0.976246,0.972793,0.980236,0.986447,1.007700,1.043999,0.996961,0.979484,1.031119
9.504530,1.046775,1.046538,1.041909,1.029826,1.034484,1.035285,1.033695,1.033377,1.044318,1.035688,1.034881,1.026298,1.035016,1.035643,1.040943,1.044865,1.045545,1.044235,1.046645,0.986043,1.041188,1.039209,1.039314,1.047446,1.034135,1.048160,1.045976,1.034535,1.025133,1.015823,0.976249,0.972797,0.980248,0.986464,1.007706,1.044013,0.996950,0.979493,1.031118
9.512860,1.046775,1.046538,1.041912,1.029830,1.034487,1.035289,1.033698,1.033380,1.044318,1.035692,1.034885,1.026302,1.035020,1.035648,1.040950,1.044873,1.045551,1.044240,1.046657,0.986057,1.041196,1.039218,1.039324,1.047454,1.034130,1.048163,1.045980,1.034541,1.025141,1.015821,0.976252,0.972801,0.980260,0.986482,1.007713,1.044026,0.996938,0.979502,1.031117
9.521190,1.046774,1.046539,1.041915,1.029834,1.034490,1.035292,1.033701,1.033383,1.044319,1.035696,1.034889,1.026306,1.035024,1.035652,1.040957,1.044880,1.045557,1.044244,1.046669,0.986072,1.041204,1.039226,1.039333,1.047462,1.034124,1.048165,1.045984,1.034547,1.025148,1.015819,0.976255,0.972804,0.980272,0.986499,1.007719,1.044040,0.996927,0.979512,1.031115
9.529520,1.046773,1.046539,1.041918,1.029838,1.034494,1.035295,1.033704,1.033386,1.044319,1.035700,1.034892,1.026309,1.035029,1.035657,1.040964,1.044888,1.045562,1.044249,1.046682,0.986086,1.041213,1.039234,1.039343,1.047470,1.034119,1.048168,1.045988,1.034554,1.025155,1.015816,0.976257,0.972808,0.980284,0.986516,1.007726,1.044054,0.996916,0.979521,1.031114
9.537850,1.046772,1.046538,1.041920,1.029841,1.034497,1.035298,1.033707,1.033389,1.044319,1.035703,1.034896,1.026313,1.035032,1.035661,1.040971,1.044896,1.045568,1.044253,1.046694,0.986100,1.041221,1.039243,1.039352,1.047478,1.034113,1.048170,1.045992,1.034560,1.025162,1.015813,0.976260,0.972811,0.980297,0.986533,1.007732,1.044068,0.996904,0.979530,1.031112
9.546180,1.046771,1.046538,1.041923,1.029845,1.034500,1.035301,1.033710,1.033391,1.044319,1.035707,1.034900,1.026317,1.035036,1.035666,1.040977,1.044903,1.045573,1.044258,1.046706,0.986114,1.041228,1.039251,1.039362,1.047486,1.034108,1.048173,1.045996,1.034566,1.025170,1.015809,0.976262,0.972815,0.980309,0.986551,1.007739,1.044082,0.996893,0.979540,1.031110
9.554510,1.046770,1.046537,1.041925,1.029848,1.034503,1.035304,1.033712,1.033394,1.044319,1.035711,1.034903,1.026320,1.035040,1.035670,1.040984,1.044911,1.045579,1.044262,1.046718,0.986128,1.041236,1.039259,1.039371,1.047494,1.034102,1.048175,1.046000,1.034572,1.025177,1.015805,0.976265,0.972818,0.980321,0.986568,1.007745,1.044096,0.996882,0.979549,1.031109
9.562840,1.046769,1.046536,1.041927,1.029851,1.034506,1.035307,1.033715,1.033396,1.044319,1.035714,1.034906,1.026324,1.035044,1.035674,1.040990,1.044918,1.045584,1.044266,1.046730,0.986142,1.041244,1.039267,1.039381,1.047501,1.034097,1.048178,1.046003,1.034578,1.025184,1.015801,0.976267,0.972821,0.980333,0.986585,1.007752,1.044109,0.996870,0.979559,1.031107
9.571170,1.046767,1.046535,1.041929,1.029854,1.034508,1.035310,1.033717,1.033399,1.044319,1.035717,1.034909,1.026327,1.035047,1.035678,1.040997,1.044926,1.045589,1.044270,1.046743,0.986156,1.041252,1.039276,1.039390,1.047509,1.034091,1.048180,1.046007,1.034584,1.025191,1.015796,0.976269,0.972825,0.980345,0.986602,1.007759,1.044123,0.996859,0.979568,1.031105
9.579500,1.046766,1.046533,1.041930,1.029857,1.034511,1.035313,1.033720,1.033401,1.044319,1.035721,1.034912,1.026330,1.035050,1.035682,1.041003,1.044933,1.045594,1.044274,1.046755,0.986170,1.041260,1.039284,1.039399,1.047517,1.034085,1.048182,1.046011,1.034590,1.025198,1.015790,0.976271,0.972828,0.980357,0.986619,1.007765,1.044137,0.996848,0.979577,1.031103
9.587830,1.046764,1.046531,1.041932,1.029860,1.034513,1.035315,1.033722,1.033403,1.044319,1.035724,1.034915,1.026333,1.035054,1.035685,1.041009,1.044940,1.045599,1.044277,1.046767,0.986184,1.041267,1.039292,1.039408,1.047524,1.034080,1.048184,1.046014,1.034596,1.025205,1.015784,0.976273,0.972831,0.980369,0.986636,1.007771,1.044150,0.996836,0.979587,1.031101
9.596160,1.046762,1.046529,1.041933,1.029863,1.034516,1.035317,1.033724,1.033405,1.044318,1.035727,1.034918,1.026336,1.035057,1.035689,1.041015,1.044947,1.045604,1.044281,1.046778,0.986198,1.041275,1.039300,1.039418,1.047532,1.034074,1.048187,1.046018,1.034602,1.025212,1.015778,0.976275,0.972833,0.980381,0.986653,1.007778,1.044164,0.996825,0.979596,1.031099
9.604490,1.046760,1.046527,1.041934,1.029865,1.034518,1.035320,1.033726,1.033407,1.044318,1.035729,1.034921,1.026339,1.035060,1.035693,1.041021,1.044954,1.045609,1.044284,1.046790,0.986212,1.041282,1.039308,1.039427,1.047539,1.034068,1.048189,1.046021,1.034608,1.025220,1.015771,0.976277,0.972836,0.980393,0.986670,1.007784,1.044177,0.996813,0.979605,1.031097
9.612820,1.046758,1.046524,1.041935,1.029867,1.034520,1.035322,1.033728,1.033408,1.044317,1.035732,1.034923,1.026342,1.035063,1.035696,1.041027,1.044961,1.045614,1.044287,1.046802,0.986226,1.041290,1.039316,1.039436,1.047546,1.034062,1.048191,1.046024,1.034614,1.025227,1.015764,0.976279,0.972839,0.980405,0.986687,1.007791,1.044191,0.996802,0.979615,1.031095
9.621150,1.046755,1.046521,1.041936,1.029870,1.034522,1.035324,1.033729,1.033410,1.044317,1.035735,1.034925,1.026345,1.035066,1.035699,1.041033,1.044968,1.045618,1.044290,1.046814,0.986239,1.041297,1.039323,1.039445,1.047553,1.034056,1.048193,1.046027,1.034619,1.025234,1.015756,0.976280,0.972841,0.980417,0.986704,1.007797,1.044204,0.996790,0.979624,1.031093
9.629480,1.046753,1.046518,1.041937,1.029872,1.034524,1.035326,1.033731,1.033411,1.044316,1.035737,1.034928,1.026347,1.035068,1.035702,1.041039,1.044975,1.045623,1.044293,1.046826,0.986253,1.041304,1.039331,1.039454,1.047560,1.034050,1.048195,1.046030,1.034625,1.025240,1.015748,0.976282,0.972844,0.980429,0.986721,1.007803,1.044218,0.996778,0.979633,1.031091
9.637810,1.046750,1.046514,1.041937,1.029874,1.034526,1.035327,1.033733,1.033413,1.044315,1.035740,1.034930,1.026349,1.035071,1.035705,1.041044,1.044981,1.045627,1.044296,1.046837,0.986266,1.041311,1.039339,1.039462,1.047567,1.034044,1.048196,1.046033,1.034631,1.025247,1.015740,0.976283,0.972846,0.980440,0.986738,1.007810,1.044231,0.996767,0.979642,1.031088
9.646140,1.046747,1.046511,1.041937,1.029876,1.034527,1.035329,1.033734,1.033414,1.044314,1.035742,1.034932,1.026352,1.035073,1.035708,1.041050,1.044988,1.045631,1.044299,1.046849,0.986280,1.041319,1.039346,1.039471,1.047574,1.034038,1.048198,1.046036,1.034636,1.025254,1.015731,0.976284,0.972848,0.980452,0.986755,1.007816,1.044244,0.996755,0.979652,1.031086
9.654470,1.046744,1.046506,1.041937,1.029877,1.034529,1.035330,1.033735,1.033415,1.044313,1.035744,1.034934,1.026354,1.035075,1.035711,1.041055,1.044994,1.045635,1.044301,1.046860,0.986293,1.041326,1.039354,1.039480,1.047581,1.034032,1.048200,1.046039,1.034642,1.025261,1.015721,0.976285,0.972850,0.980464,0.986771,1.007822,1.044257,0.996743,0.979661,1.031084
9.662800,1.046741,1.046502,1.041937,1.029879,1.034530,1.035332,1.033736,1.033416,1.044312,1.035746,1.034936,1.026356,1.035078,1.035713,1.041060,1.045001,1.045639,1.044304,1.046871,0.986307,1.041333,1.039362,1.039489,1.047588,1.034026,1.048201,1.046042,1.034648,1.025268,1.015711,0.976286,0.972852,0.980475,0.986788,1.007828,1.044270,0.996731,0.979670,1.031081
9.671130,1.046738,1.046497,1.041936,1.029880,1.034531,1.035333,1.033737,1.033417,1.044311,1.035748,1.034937,1.026357,1.035080,1.035716,1.041065,1.045007,1.045643,1.044306,1.046883,0.986320,1.041339,1.039369,1.039497,1.047594,1.034019,1.048203,1.046044,1.034653,1.025274,1.015701,0.976287,0.972854,0.980487,0.986804,1.007834,1.044283,0.996720,0.979679,1.031079
9.679460,1.046734,1.046492,1.041936,1.029881,1.034532,1.035334,1.033738,1.033418,1.044310,1.035749,1.034939,1.026359,1.035081,1.035718,1.041070,1.045013,1.045647,1.044308,1.046894,0.986333,1.041346,1.039376,1.039506,1.047601,1.034013,1.048204,1.046047,1.034658,1.025281,1.015690,0.976288,0.972856,0.980498,0.986821,1.007840,1.044296,0.996708,0.979688,1.031076
9.687790,1.046730,1.046487,1.041935,1.029882,1.034533,1.035335,1.033739,1.033419,1.044309,1.035751,1.034940,1.026361,1.035083,1.035720,1.041075,1.045019,1.045650,1.044310,1.046905,0.986347,1.041353,1.039384,1.039514,1.047607,1.034007,1.048206,1.046049,1.034664,1.025288,1.015679,0.976289,0.972857,0.980510,0.986837,1.007846,1.044309,0.996696,0.979697,1.031073
9.696120,1.046727,1.046481,1.041934,1.029883,1.034534,1.035336,1.033740,1.033419,1.044307,1.035752,1.034941,1.026362,1.035085,1.035722,1.041080,1.045025,1.045654,1.044311,1.046916,0.986360,1.041359,1.039391,1.039522,1.047614,1.034000,1.048207,1.046051,1.034669,1.025294,1.015667,0.976289,0.972859,0.980521,0.986853,1.007852,1.044322,0.996684,0.979706,1.031071
9.704450,1.046723,1.046476,1.041932,1.029884,1.034535,1.035337,1.033740,1.033419,1.044306,1.035754,1.034943,1.026363,1.035086,1.035724,1.041085,1.045030,1.045657,1.044313,1.046927,0.986373,1.041366,1.039398,1.039530,1.047620,1.033994,1.048208,1.046053,1.034674,1.025301,1.015655,0.976290,0.972860,0.980533,0.986870,1.007858,1.044335,0.996672,0.979715,1.031068
9.712780,1.046719,1.046469,1.041931,1.029885,1.034535,1.035337,1.033741,1.033420,1.044304,1.035755,1.034943,1.026365,1.035088,1.035726,1.041089,1.045036,1.045660,1.044314,1.046938,0.986386,1.041372,1.039405,1.039539,1.047626,1.033987,1.048209,1.046055,1.034679,1.025307,1.015643,0.976290,0.972861,0.980544,0.986886,1.007864,1.044347,0.996660,0.979724,1.031065
9.721110,1.046715,1.046463,1.041929,1.029885,1.034536,1.035338,1.033741,1.033420,1.044302,1.035756,1.034944,1.026366,1.035089,1.035728,1.041093,1.045042,1.045663,1.044316,1.046949,0.986398,1.041378,1.039412,1.039547,1.047632,1.033980,1.048210,1.046057,1.034684,1.025313,1.015630,0.976290,0.972862,0.980555,0.986902,1.007870,1.044360,0.996647,0.979733,1.031062
9.729440,1.046710,1.046456,1.041927,1.029885,1.034536,1.035338,1.033741,1.033420,1.044301,1.035757,1.034945,1.026366,1.035090,1.035729,1.041098,1.045047,1.045666,1.044317,1.046959,0.986411,1.041384,1.039419,1.039554,1.047638,1.033973,1.048211,1.046059,1.034689,1.025320,1.015616,0.976290,0.972863,0.980566,0.986918,1.007875,1.044372,0.996635,0.979742,1.031059
9.737770,1.046706,1.046449,1.041925,1.029886,1.034536,1.035338,1.033741,1.033420,1.044299,1.035758,1.034946,1.026367,1.035091,1.035730,1.041102,1.045052,1.045669,1.044318,1.046970,0.986424,1.041390,1.039425,1.039562,1.047643,1.033967,1.048212,1.046061,1.034694,1.025326,1.015602,0.976290,0.972864,0.980577,0.986933,1.007881,1.044384,0.996623,0.979750,1.031057
9.746100,1.046701,1.046442,1.041923,1.029886,1.034536,1.035338,1.033741,1.033420,1.044297,1.035758,1.034946,1.026368,1.035092,1.035732,1.041106,1.045058,1.045672,1.044318,1.046980,0.986436,1.041396,1.039432,1.039570,1.047649,1.033960,1.048212,1.046062,1.034699,1.025332,1.015588,0.976290,0.972865,0.980588,0.986949,1.007886,1.044397,0.996610,0.979759,1.031054
9.754430,1.046696,1.046434,1.041920,1.029885,1.034536,1.035338,1.033740,1.033419,1.044295,1.035759,1.034946,1.026368,1.035092,1.035733,1.041110,1.045063,1.045674,1.044319,1.046991,0.986449,1.041402,1.039439,1.039578,1.047654,1.033953,1.048213,1.046064,1.034704,1.025338,1.015573,0.976290,0.972865,0.980599,0.986965,1.007892,1.044409,0.996598,0.979767,1.031050
9.762760,1.046691,1.046426,1.041918,1.029885,1.034536,1.035338,1.033740,1.033419,1.044293,1.035759,1.034946,1.026369,1.035093,1.035734,1.041114,1.045068,1.045676,1.044319,1.047001,0.986461,1.041408,1.039445,1.039585,1.047660,1.033946,1.048213,1.046065,1.034709,1.025344,1.015558,0.976290,0.972866,0.980610,0.986981,1.007897,1.044421,0.996585,0.979776,1.031047
9.771090,1.046686,1.046418,1.041915,1.029885,1.034535,1.035338,1.033739,1.033418,1.044291,1.035759,1.034946,1.026369,1.035093,1.035734,1.041117,1.045072,1.045679,1.044320,1.047011,0.986473,1.041413,1.039451,1.039593,1.047665,1.033938,1.048214,1.046066,1.034713,1.025350,1.015542,0.976289,0.972866,0.980621,0.986996,1.007903,1.044433,0.996573,0.979784,1.031044
9.779420,1.046681,1.046410,1.041911,1.029884,1.034535,1.035337,1.033739,1.033417,1.044289,1.035759,1.034946,1.026369,1.035093,1.035735,1.041121,1.045077,1.045681,1.044320,1.047021,0.986486,1.041419,1.039458,1.039600,1.047670,1.033931,1.048214,1.046067,1.034718,1.025355,1.015526,0.976288,0.972866,0.980631,0.987011,1.007908,1.044445,0.996560,0.979793,1.031041
9.787750,1.046676,1.046401,1.041908,1.029883,1.034534,1.035337,1.033738,1.033416,1.044286,1.035759,1.034946,1.026369,1.035093,1.035735,1.041124,1.045082,1.045683,1.044319,1.047031,0.986498,1.041424,1.039464,1.039607,1.047675,1.033924,1.048214,1.046068,1.034722,1.025361,1.015510,0.976288,0.972866,0.980642,0.987027,1.007913,1.044456,0.996548,0.979801,1.031038
9.796080,1.046670,1.046392,1.041904,1.029882,1.034533,1.035336,1.033737,1.033415,1.044284,1.035759,1.034946,1.026369,1.035093,1.035736,1.041127,1.045086,1.045684,1.044319,1.047041,0.986510,1.041430,1.039470,1.039614,1.047680,1.033916,1.048214,1.046069,1.034726,1.025367,1.015493,0.976287,0.972866,0.980652,0.987042,1.007919,1.044468,0.996535,0.979809,1.031035
9.804410,1.046665,1.046382,1.041901,1.029881,1.034532,1.035335,1.033736,1.033414,1.044281,1.035759,1.034945,1.026368,1.035093,1.035736,1.041130,1.045090,1.045686,1.044319,1.047051,0.986521,1.041435,1.039476,1.039621,1.047685,1.033909,1.048214,1.046070,1.034730,1.025372,1.015475,0.976286,0.972866,0.980663,0.987057,1.007924,1.044480,0.996522,0.979818,1.031031
9.812740,1.046659,1.046373,1.041897,1.029880,1.034531,1.035334,1.033735,1.033413,1.044279,1.035758,1.034944,1.026368,1.035093,1.035736,1.041133,1.045095,1.045687,1.044318,1.047061,0.986533,1.041440,1.039482,1.039628,1.047689,1.033901,1.048214,1.046071,1.034735,1.025378,1.015457,0.976285,0.972866,0.980673,0.987072,1.007929,1.044491,0.996509,0.979826,1.031028
9.821070,1.046653,1.046363,1.041893,1.029878,1.034530,1.035333,1.033733,1.033412,1.044276,1.035757,1.034944,1.026367,1.035092,1.035736,1.041136,1.045099,1.045689,1.044317,1.047070,0.986545,1.041445,1.039488,1.039635,1.047694,1.033893,1.048214,1.046071,1.034739,1.025383,1.015439,0.976284,0.972865,0.980683,0.987087,1.007934,1.044503,0.996496,0.979834,1.031025
9.829400,1.046647,1.046352,1.041888,1.029877,1.034528,1.035331,1.033732,1.033410,1.044274,1.035757,1.034943,1.026366,1.035092,1.035736,1.041139,1.045103,1.045690,1.044316,1.047080,0.986557,1.041450,1.039493,1.039642,1.047698,1.033886,1.048213,1.046071,1.034743,1.025388,1.015420,0.976282,0.972865,0.980694,0.987102,1.007938,1.044514,0.996483,0.979842,1.031021
9.837730,1.046641,1.046342,1.041884,1.029875,1.034527,1.035330,1.033730,1.033408,1.044271,1.035756,1.034942,1.026365,1.035091,1.035735,1.041141,1.045106,1.045691,1.044315,1.047089,0.986568,1.041454,1.039499,1.039648,1.047703,1.033878,1.048213,1.046072,1.034746,1.025394,1.015401,0.976281,0.972864,0.980704,0.987116,1.007943,1.044525,0.996470,0.979850,1.031018
9.846060,1.046635,1.046331,1.041879,1.029873,1.034525,1.035328,1.033729,1.033407,1.044268,1.035755,1.034940,1.026364,1.035090,1.035735,1.041144,1.045110,1.045692,1.044314,1.047098,0.986579,1.041459,1.039504,1.039655,1.047707,1.033870,1.048212,1.046072,1.034750,1.025399,1.015381,0.976279,0.972863,0.980714,0.987131,1.007948,1.044536,0.996457,0.979858,1.031014
9.854390,1.046628,1.046320,1.041874,1.029871,1.034523,1.035326,1.033727,1.033405,1.044265,1.035754,1.034939,1.026363,1.035089,1.035734,1.041146,1.045114,1.045693,1.044313,1.047107,0.986591,1.041463,1.039510,1.039661,1.047711,1.033862,1.048212,1.046072,1.034754,1.025404,1.015361,0.976278,0.972862,0.980724,0.987145,1.007953,1.044547,0.996443,0.979865,1.031011
9.862720,1.046622,1.046309,1.041869,1.029869,1.034521,1.035325,1.033725,1.033403,1.044262,1.035752,1.034938,1.026362,1.035088,1.035733,1.041148,1.045117,1.045693,1.044311,1.047116,0.986602,1.041468,1.039515,1.039668,1.047715,1.033854,1.048211,1.046072,1.034757,1.025409,1.015341,0.976276,0.972861,0.980734,0.987160,1.007957,1.044558,0.996430,0.979873,1.031007
9.871050,1.046615,1.046297,1.041863,1.029867,1.034519,1.035323,1.033723,1.033400,1.044259,1.035751,1.034936,1.026360,1.035086,1.035732,1.041150,1.045120,1.045694,1.044309,1.047125,0.986613,1.041472,1.039520,1.039674,1.047718,1.033845,1.048210,1.046071,1.034761,1.025414,1.015320,0.976274,0.972860,0.980743,0.987174,1.007962,1.044568,0.996416,0.979881,1.031003
9.879380,1.046608,1.046285,1.041857,1.029864,1.034517,1.035320,1.033720,1.033398,1.044256,1.035749,1.034934,1.026358,1.035085,1.035731,1.041152,1.045123,1.045694,1.044307,1.047134,0.986624,1.041476,1.039525,1.039680,1.047722,1.033837,1.048209,1.046071,1.034764,1.025418,1.015299,0.976272,0.972859,0.980753,0.987188,1.007966,1.044579,0.996403,0.979888,1.031000
9.887710,1.046601,1.046273,1.041852,1.029862,1.034515,1.035318,1.033718,1.033396,1.044253,1.035747,1.034932,1.026357,1.035083,1.035730,1.041154,1.045126,1.045694,1.044305,1.047143,0.986635,1.041480,1.039530,1.039686,1.047726,1.033829,1.048208,1.046070,1.034768,1.025423,1.015277,0.976270,0.972857,0.980763,0.987202,1.007971,1.044590,0.996389,0.979896,1.030996
9.896040,1.046594,1.046261,1.041846,1.029859,1.034512,1.035316,1.033716,1.033393,1.044250,1.035746,1.034930,1.026355,1.035081,1.035728,1.041156,1.045129,1.045694,1.044303,1.047151,0.986645,1.041484,1.039535,1.039692,1.047729,1.033820,1.048207,1.046070,1.034771,1.025428,1.015255,0.976268,0.972856,0.980772,0.987216,1.007975,1.044600,0.996376,0.979903,1.030992
9.904370,1.046587,1.046248,1.041839,1.029856,1.034510,1.035313,1.033713,1.033391,1.044246,1.035744,1.034928,1.026353,1.035080,1.035727,1.041157,1.045132,1.045694,1.044301,1.047160,0.986656,1.041488,1.039540,1.039698,1.047732,1.033811,1.048205,1.046069,1.034774,1.025432,1.015232,0.976265,0.972854,0.980782,0.987230,1.007979,1.044610,0.996362,0.979910,1.030989
9.912700,1.046580,1.046235,1.041833,1.029853,1.034507,1.035311,1.033710,1.033388,1.044243,1.035741,1.034926,1.026351,1.035078,1.035725,1.041158,1.045135,1.045694,1.044298,1.047168,0.986666,1.041491,1.039545,1.039703,1.047735,1.033803,1.048204,1.046068,1.034777,1.025437,1.015209,0.976263,0.972852,0.980791,0.987243,1.007983,1.044621,0.996348,0.979918,1.030985
9.921030,1.046572,1.046222,1.041826,1.029849,1.034504,1.035308,1.033707,1.033385,1.044239,1.035739,1.034923,1.026348,1.035075,1.035723,1.041160,1.045137,1.045694,1.044295,1.047176,0.986677,1.041495,1.039549,1.039709,1.047738,1.033794,1.048202,1.046067,1.034780,1.025441,1.015186,0.976260,0.972850,0.980800,0.987257,1.007987,1.044631,0.996334,0.979925,1.030981
9.929360,1.046565,1.046208,1.041820,1.029846,1.034501,1.035305,1.033704,1.033382,1.044236,1.035737,1.034921,1.026346,1.035073,1.035721,1.041161,1.045140,1.045693,1.044292,1.047184,0.986687,1.041498,1.039554,1.039714,1.047741,1.033785,1.048200,1.046066,1.034783,1.025445,1.015162,0.976258,0.972848,0.980809,0.987270,1.007991,1.044641,0.996320,0.979932,1.030977
9.937690,1.046557,1.046195,1.041813,1.029842,1.034498,1.035302,1.033701,1.033379,1.044232,1.035734,1.034918,1.026343,1.035071,1.035719,1.041162,1.045142,1.045693,1.044289,1.047192,0.986697,1.041502,1.039558,1.039720,1.047744,1.033776,1.048199,1.046065,1.034785,1.025449,1.015138,0.976255,0.972846,0.980818,0.987284,1.007995,1.044651,0.996306,0.979939,1.030974
9.946020,1.046549,1.046181,1.041805,1.029839,1.034495,1.035299,1.033698,1.033376,1.044229,1.035732,1.034915,1.026341,1.035068,1.035717,1.041163,1.045144,1.045692,1.044286,1.047200,0.986707,1.041505,1.039563,1.039725,1.047747,1.033767,1.048197,1.046063,1.034788,1.025453,1.015113,0.976252,0.972844,0.980827,0.987297,1.007999,1.044660,0.996292,0.979946,1.030970
9.954350,1.046541,1.046166,1.041798,1.029835,1.034491,1.035296,1.033695,1.033372,1.044225,1.035729,1.034912,1.026338,1.035065,1.035715,1.041163,1.045146,1.045691,1.044283,1.047208,0.986717,1.041508,1.039567,1.039730,1.047749,1.033758,1.048195,1.046062,1.034791,1.025457,1.015088,0.976249,0.972841,0.980836,0.987310,1.008003,1.044670,0.996278,0.979953,1.030966
9.962680,1.046533,1.046152,1.041791,1.029831,1.034488,1.035292,1.033691,1.033369,1.044221,1.035726,1.034909,1.026335,1.035063,1.035712,1.041164,1.045148,1.045690,1.044279,1.047216,0.986727,1.041511,1.039571,1.039735,1.047752,1.033749,1.048193,1.046060,1.034793,1.025461,1.015063,0.976246,0.972839,0.980845,0.987323,1.008007,1.044680,0.996263,0.979959,1.030962
9.971010,1.046525,1.046137,1.041783,1.029827,1.034484,1.035289,1.033688,1.033365,1.044217,1.035723,1.034906,1.026332,1.035060,1.035709,1.041165,1.045150,1.045689,1.044276,1.047223,0.986737,1.041514,1.039575,1.039740,1.047754,1.033739,1.048191,1.046058,1.034795,1.025465,1.015037,0.976243,0.972836,0.980854,0.987336,1.008010,1.044689,0.996249,0.979966,1.030958
9.979340,1.046517,1.046122,1.041775,1.029823,1.034481,1.035285,1.033684,1.033361,1.044213,1.035720,1.034903,1.026329,1.035057,1.035707,1.041165,1.045152,1.045687,1.044272,1.047231,0.986747,1.041517,1.039579,1.039745,1.047756,1.033730,1.048188,1.046057,1.034798,1.025469,1.015011,0.976239,0.972834,0.980863,0.987349,1.008014,1.044699,0.996235,0.979973,1.030954
9.987670,1.046509,1.046107,1.041767,1.029818,1.034477,1.035281,1.033680,1.033358,1.044210,1.035716,1.034899,1.026325,1.035054,1.035704,1.041165,1.045153,1.045686,1.044268,1.047238,0.986756,1.041520,1.039583,1.039750,1.047758,1.033720,1.048186,1.046055,1.034800,1.025472,1.014985,0.976236,0.972831,0.980871,0.987362,1.008017,1.044708,0.996220,0.979979,1.030950
9.996000,1.046500,1.046091,1.041759,1.029814,1.034473,1.035277,1.033677,1.033354,1.044206,1.035713,1.034896,1.026322,1.035050,1.035701,1.041165,1.045155,1.045684,1.044264,1.047246,0.986766,1.041522,1.039587,1.039754,1.047760,1.033711,1.048183,1.046053,1.034802,1.025476,1.014958,0.976233,0.972828,0.980880,0.987374,1.008021,1.044717,0.996206,0.979986,1.030946
10.000000,1.046496,1.046084,1.041755,1.029811,1.034471,1.035276,1.033675,1.033352,1.044204,1.035711,1.034894,1.026320,1.035049,1.035699,1.041165,1.045155,1.045684,1.044262,1.047249,0.986770,1.041523,1.039588,1.039757,1.047761,1.033706,1.048182,1.046052,1.034803,1.025477,1.014945,0.976231,0.972826,0.980884,0.987380,1.008023,1.044722,0.996199,0.979989,1.030944
10.000000,1.046496,1.046084,1.041754,1.029811,1.034471,1.035276,1.033675,1.033352,1.044204,1.035711,1.034894,1.026320,1.035049,1.035699,1.041165,1.045155,1.045683,1.044262,1.047249,0.986770,1.041523,1.039588,1.039757,1.047761,1.033706,1.048182,1.046052,1.034803,1.025477,1.014945,0.976231,0.972826,0.980884,0.987380,1.008023,1.044722,0.996199,0.979989,1.030944
